cl__1 = 0.01;
Point(1) = {0.15, 0, 0, cl__1};
Point(2) = {0.1471177920604846, 0.02926354830241924, 0, cl__1};
Point(3) = {0.138581929876693, 0.05740251485476346, 0, cl__1};
Point(4) = {0.1247204418453818, 0.08333553495294033, 0, cl__1};
Point(5) = {0.1060660171779821, 0.1060660171779821, 0, cl__1};
Point(6) = {0.08333553495294034, 0.1247204418453818, 0, cl__1};
Point(7) = {0.05740251485476347, 0.138581929876693, 0, cl__1};
Point(8) = {0.02926354830241925, 0.1471177920604846, 0, cl__1};
Point(9) = {9.184850993605149e-18, 0.15, 0, cl__1};
Point(10) = {-0.02926354830241923, 0.1471177920604846, 0, cl__1};
Point(11) = {-0.05740251485476346, 0.138581929876693, 0, cl__1};
Point(12) = {-0.08333553495294029, 0.1247204418453818, 0, cl__1};
Point(13) = {-0.1060660171779821, 0.1060660171779821, 0, cl__1};
Point(14) = {-0.1247204418453818, 0.08333553495294033, 0, cl__1};
Point(15) = {-0.138581929876693, 0.05740251485476348, 0, cl__1};
Point(16) = {-0.1471177920604846, 0.02926354830241929, 0, cl__1};
Point(17) = {-0.15, 1.83697019872103e-17, 0, cl__1};
Point(18) = {-0.1471177920604846, -0.02926354830241925, 0, cl__1};
Point(19) = {-0.138581929876693, -0.05740251485476344, 0, cl__1};
Point(20) = {-0.1247204418453818, -0.08333553495294029, 0, cl__1};
Point(21) = {-0.1060660171779822, -0.1060660171779821, 0, cl__1};
Point(22) = {-0.08333553495294033, -0.1247204418453818, 0, cl__1};
Point(23) = {-0.05740251485476355, -0.138581929876693, 0, cl__1};
Point(24) = {-0.0292635483024193, -0.1471177920604845, 0, cl__1};
Point(25) = {-2.755455298081544e-17, -0.15, 0, cl__1};
Point(26) = {0.02926354830241924, -0.1471177920604846, 0, cl__1};
Point(27) = {0.0574025148547635, -0.138581929876693, 0, cl__1};
Point(28) = {0.08333553495294027, -0.1247204418453818, 0, cl__1};
Point(29) = {0.1060660171779821, -0.1060660171779822, 0, cl__1};
Point(30) = {0.1247204418453818, -0.08333553495294033, 0, cl__1};
Point(31) = {0.138581929876693, -0.05740251485476355, 0, cl__1};
Point(32) = {0.1471177920604845, -0.02926354830241931, 0, cl__1};
Point(33) = {0, 0, 0, cl__1};
Circle(1) = {1, 33, 2};
Circle(2) = {2, 33, 3};
Circle(3) = {3, 33, 4};
Circle(4) = {4, 33, 5};
Circle(5) = {5, 33, 6};
Circle(6) = {6, 33, 7};
Circle(7) = {7, 33, 8};
Circle(8) = {8, 33, 9};
Circle(9) = {9, 33, 10};
Circle(10) = {10, 33, 11};
Circle(11) = {11, 33, 12};
Circle(12) = {12, 33, 13};
Circle(13) = {13, 33, 14};
Circle(14) = {14, 33, 15};
Circle(15) = {15, 33, 16};
Circle(16) = {16, 33, 17};
Circle(17) = {17, 33, 18};
Circle(18) = {18, 33, 19};
Circle(19) = {19, 33, 20};
Circle(20) = {20, 33, 21};
Circle(21) = {21, 33, 22};
Circle(22) = {22, 33, 23};
Circle(23) = {23, 33, 24};
Circle(24) = {24, 33, 25};
Circle(25) = {25, 33, 26};
Circle(26) = {26, 33, 27};
Circle(27) = {27, 33, 28};
Circle(28) = {28, 33, 29};
Circle(29) = {29, 33, 30};
Circle(30) = {30, 33, 31};
Circle(31) = {31, 33, 32};
Circle(32) = {32, 33, 1};
Curve Loop(1) = {1, 2, 3, 4, 5, 6, 7, 8, 9, 10, 11, 12, 13, 14, 15, 16, 17, 18, 19, 20, 21, 22, 23, 24, 25, 26, 27, 28, 29, 30, 31, 32};
Plane Surface(1) = {1};
Point {33} In Surface {1};
Physical Surface(1) = {1};
