cl__1 = 0.01;
Point(1) = {0.15, 0, 0, cl__1};
Point(2) = {0.138581929876693, 0.05740251485476346, 0, cl__1};
Point(3) = {0.1060660171779821, 0.1060660171779821, 0, cl__1};
Point(4) = {0.05740251485476347, 0.138581929876693, 0, cl__1};
Point(5) = {9.184850993605149e-18, 0.15, 0, cl__1};
Point(6) = {-0.05740251485476346, 0.138581929876693, 0, cl__1};
Point(7) = {-0.1060660171779821, 0.1060660171779821, 0, cl__1};
Point(8) = {-0.138581929876693, 0.05740251485476348, 0, cl__1};
Point(9) = {-0.15, 1.83697019872103e-17, 0, cl__1};
Point(10) = {-0.138581929876693, -0.05740251485476344, 0, cl__1};
Point(11) = {-0.1060660171779822, -0.1060660171779821, 0, cl__1};
Point(12) = {-0.05740251485476355, -0.138581929876693, 0, cl__1};
Point(13) = {-2.755455298081544e-17, -0.15, 0, cl__1};
Point(14) = {0.0574025148547635, -0.138581929876693, 0, cl__1};
Point(15) = {0.1060660171779821, -0.1060660171779822, 0, cl__1};
Point(16) = {0.138581929876693, -0.05740251485476355, 0, cl__1};
Point(17) = {0, 0, 0, cl__1};
Line(1) = {1, 2};
Line(2) = {2, 3};
Line(3) = {3, 4};
Line(4) = {4, 5};
Line(5) = {5, 6};
Line(6) = {6, 7};
Line(7) = {7, 8};
Line(8) = {8, 9};
Line(9) = {9, 10};
Line(10) = {10, 11};
Line(11) = {11, 12};
Line(12) = {12, 13};
Line(13) = {13, 14};
Line(14) = {14, 15};
Line(15) = {15, 16};
Line(16) = {16, 1};
Curve Loop(1) = {1, 2, 3, 4, 5, 6, 7, 8, 9, 10, 11, 12, 13, 14, 15, 16};
Plane Surface(1) = {1};
Point {17} In Surface {1};
Physical Surface(1) = {1};
