cl__1 = 0.01;
Point(1) = {0.15, 0, 0, cl__1};
Point(2) = {0.1471177920604846, 0.02926354830241924, 0, cl__1};
Point(3) = {0.138581929876693, 0.05740251485476346, 0, cl__1};
Point(4) = {0.1247204418453818, 0.08333553495294033, 0, cl__1};
Point(5) = {0.1060660171779821, 0.1060660171779821, 0, cl__1};
Point(6) = {0.08333553495294034, 0.1247204418453818, 0, cl__1};
Point(7) = {0.05740251485476347, 0.138581929876693, 0, cl__1};
Point(8) = {0.02926354830241925, 0.1471177920604846, 0, cl__1};
Point(9) = {9.184850993605149e-18, 0.15, 0, cl__1};
Point(10) = {-0.02926354830241923, 0.1471177920604846, 0, cl__1};
Point(11) = {-0.05740251485476346, 0.138581929876693, 0, cl__1};
Point(12) = {-0.08333553495294029, 0.1247204418453818, 0, cl__1};
Point(13) = {-0.1060660171779821, 0.1060660171779821, 0, cl__1};
Point(14) = {-0.1247204418453818, 0.08333553495294033, 0, cl__1};
Point(15) = {-0.138581929876693, 0.05740251485476348, 0, cl__1};
Point(16) = {-0.1471177920604846, 0.02926354830241929, 0, cl__1};
Point(17) = {-0.15, 1.83697019872103e-17, 0, cl__1};
Point(18) = {-0.1471177920604846, -0.02926354830241925, 0, cl__1};
Point(19) = {-0.138581929876693, -0.05740251485476344, 0, cl__1};
Point(20) = {-0.1247204418453818, -0.08333553495294029, 0, cl__1};
Point(21) = {-0.1060660171779822, -0.1060660171779821, 0, cl__1};
Point(22) = {-0.08333553495294033, -0.1247204418453818, 0, cl__1};
Point(23) = {-0.05740251485476355, -0.138581929876693, 0, cl__1};
Point(24) = {-0.0292635483024193, -0.1471177920604845, 0, cl__1};
Point(25) = {-2.755455298081544e-17, -0.15, 0, cl__1};
Point(26) = {0.02926354830241924, -0.1471177920604846, 0, cl__1};
Point(27) = {0.0574025148547635, -0.138581929876693, 0, cl__1};
Point(28) = {0.08333553495294027, -0.1247204418453818, 0, cl__1};
Point(29) = {0.1060660171779821, -0.1060660171779822, 0, cl__1};
Point(30) = {0.1247204418453818, -0.08333553495294033, 0, cl__1};
Point(31) = {0.138581929876693, -0.05740251485476355, 0, cl__1};
Point(32) = {0.1471177920604845, -0.02926354830241931, 0, cl__1};
Point(33) = {0, 0, 0, cl__1};
Line(1) = {1, 2};
Line(2) = {2, 3};
Line(3) = {3, 4};
Line(4) = {4, 5};
Line(5) = {5, 6};
Line(6) = {6, 7};
Line(7) = {7, 8};
Line(8) = {8, 9};
Line(9) = {9, 10};
Line(10) = {10, 11};
Line(11) = {11, 12};
Line(12) = {12, 13};
Line(13) = {13, 14};
Line(14) = {14, 15};
Line(15) = {15, 16};
Line(16) = {16, 17};
Line(17) = {17, 18};
Line(18) = {18, 19};
Line(19) = {19, 20};
Line(20) = {20, 21};
Line(21) = {21, 22};
Line(22) = {22, 23};
Line(23) = {23, 24};
Line(24) = {24, 25};
Line(25) = {25, 26};
Line(26) = {26, 27};
Line(27) = {27, 28};
Line(28) = {28, 29};
Line(29) = {29, 30};
Line(30) = {30, 31};
Line(31) = {31, 32};
Line(32) = {32, 1};
Curve Loop(1) = {1, 2, 3, 4, 5, 6, 7, 8, 9, 10, 11, 12, 13, 14, 15, 16, 17, 18, 19, 20, 21, 22, 23, 24, 25, 26, 27, 28, 29, 30, 31, 32};
Plane Surface(1) = {1};
Point {33} In Surface {1};
Physical Surface(1) = {1};
