{
 "cells": [
  {
   "cell_type": "code",
   "execution_count": null,
   "id": "1c05ef00",
   "metadata": {},
   "outputs": [],
   "source": [
    "import numpy as np\n",
    "import mesh\n",
    "import forwardProblem\n",
    "import inverseProblem\n",
    "import inverseProblem_2D\n",
    "import matplotlib.pyplot as plt"
   ]
  },
  {
   "cell_type": "markdown",
   "id": "b9bc7e70",
   "metadata": {},
   "source": [
    "# EXEMPLOS BIBLIOTECA EDSON"
   ]
  },
  {
   "cell_type": "markdown",
   "id": "63f1fe93",
   "metadata": {},
   "source": [
    "ToDo:\n",
    "\n",
    "- Implementar elemento 1D ( class LinearLineEdson() ) [elements.py]\n",
    "- Implementar malha 1D ( class PointElectrodes1DMeshEdson() ) [mesh.py]\n",
    "- Rodar exemplos 1D antigos e ver se bate\n",
    "- Implementar problema direto (que deve funcionar com qualquer malha, não interessa se é 1D, 2D, com ou sem eletrodo...) [forward.py]"
   ]
  },
  {
   "cell_type": "markdown",
   "id": "c3ae8919",
   "metadata": {},
   "source": [
    "## Teste Tarefa unidimensional \n",
    "(class PointElectrodes1DMeshEdson())."
   ]
  },
  {
   "cell_type": "code",
   "execution_count": null,
   "id": "5ee4f1ac",
   "metadata": {},
   "outputs": [],
   "source": [
    "nome = '../../malhasMSH/unidimensional_100T_dif_py.msh'\n",
    "#nome = '../../malhasMSH/unidimensional_4e_py.msh'\n",
    "\n",
    "noh_eletrodos = [0,  10, 20, 30, 40, 50, 60, 70, 80, 90,  100]\n",
    "#noh_eletrodos = [0,  1, 2, 3, 4]\n",
    "\n",
    "MinhaMalha1D = mesh.PointElectrodes1DMeshEdson(noh_eletrodos, nome_msh=nome, altura2D = 0.001)\n",
    "MinhaMalha1D.ReadMesh()\n",
    "\n",
    "\n",
    "meus_sigmas = {}\n",
    "meus_sigmas[1] = 0.25\n",
    "meus_sigmas[2] = 0.5\n",
    "MinhaMalha1D.SetSigmaPhysicaEntity(meus_sigmas) # Informando sigma (e já calculando o rho de cada elemento)\n",
    "\n",
    "sigma_inicial = np.full(MinhaMalha1D.NumberOfElements, 0.50)          # Monta vetor sigma inicia\n",
    "\n",
    "amplitude_corrente = 0.001\n",
    "Pcorrente = np.zeros(MinhaMalha1D.NumberOfNodes)                    # Monta vetor de corrente\n",
    "Pcorrente[0] = -amplitude_corrente                            # Nó de saída de corrente\n",
    "Pcorrente[MinhaMalha1D.NumberOfElements] = amplitude_corrente                  # Nó de entrada de corrente    \n",
    "\n",
    "fwd = forwardProblem.forward_problem(MinhaMalha1D, Pcorrente=Pcorrente)   # __init__ roda aqui\n",
    "\n",
    "fwd.Solve()\n",
    "\n",
    "#plt.plot(fwd.Vmedido)\n",
    "print(f'Vmedido \\n {fwd.Vmedido.shape}')\n",
    "nome_arquivo = 'unidimensional_100e_py'\n",
    "\n",
    "N_padraoCC = 1\n",
    "\n",
    "##fwd.criar_arquivo_pos_2D(N_padraoCC, fwd.Vmedido, nome_arquivo)\n",
    "#fwd.criar_arquivo_pos_2D(fwd.Vmedido, nome_arquivo)\n",
    "\n",
    "#fwd.abrir_Gmsh_pos(nome_arquivo, runGmsh=True)\n",
    "\n",
    "\n",
    "V_measured = fwd.Vmedido_eletrodos\n",
    "invProblem = inverseProblem.inverse_problem(MinhaMalha1D, Pcorrente=Pcorrente, debug=1)\n",
    "invProblem.solve(sigma_inicial, V_measured)\n",
    "#print('Y_jacobian',invProblem.Y_jacobian)"
   ]
  },
  {
   "cell_type": "code",
   "execution_count": null,
   "id": "403aa429",
   "metadata": {},
   "outputs": [],
   "source": [
    "invProblem.Y_Vcalc"
   ]
  },
  {
   "cell_type": "markdown",
   "id": "4a57b7d8",
   "metadata": {},
   "source": [
    "## Testes com HUA"
   ]
  },
  {
   "cell_type": "code",
   "execution_count": null,
   "id": "cb8459f1",
   "metadata": {},
   "outputs": [],
   "source": [
    "import numpy as np\n",
    "import mesh\n",
    "import forwardProblem\n",
    "import inverseProblem\n",
    "import inverseProblem_2D\n",
    "import matplotlib.pyplot as plt\n",
    "\n",
    "nome = '../../malhasMSH/circ2_tst_Hua_v2_2_lc_especial.msh'\n",
    "#nome = '../../malhasMSH/circ8_anom4_tst_Hua_v4_1_lc_0_01.msh'\n",
    "\n",
    "#MinhaMalha = mesh.HuaElectrodes2DMeshEdson(8, nome_msh=nome, altura2D = 0.02)\n",
    "MinhaMalha = mesh.HuaElectrodes2DMeshEdson(2, nome_msh=nome, altura2D = 0.02)\n",
    "MinhaMalha.ReadMesh() \n",
    "\n",
    "print(MinhaMalha.Elements[2])\n",
    "print(f\"Centroid: {MinhaMalha.Elements[2].Centroid}\")\n",
    "print(f\"KGeo: \\n{MinhaMalha.Elements[2].KGeo}\")\n",
    "\n",
    "\n",
    "meus_sigmas = {\n",
    "1000 : 0.1,    \n",
    "#1001 : 0.01,\n",
    "5001 : 0.2, \n",
    "5002 : 0.2, \n",
    "#5003 : 0.2, \n",
    "#5004 : 0.2, \n",
    "#5005 : 0.2, \n",
    "#5006 : 0.2, \n",
    "#5007 : 0.2, \n",
    "#5008 : 0.2,  \n",
    "}\n",
    "\n",
    "MinhaMalha.SetSigmaPhysicaEntity(meus_sigmas) # Informando sigma (e já calculando o rho de cada elemento)\n",
    "\n",
    "#MinhaMalha.CalcKGlobal() # calculando KGlobal usando Sigmas\n",
    "\n",
    "#coordenadas = MinhaMalha.Coordinates\n",
    "#topologia = MinhaMalha.msh_topology\n",
    "\n",
    "#MinhaMalha.KGlobal\n",
    "\n",
    "#KGlobal =  MinhaMalha.KGlobal\n",
    "\n",
    "\n",
    "print(f'n_nodes = {MinhaMalha.NumberOfNodes}')\n",
    "\n",
    "\n",
    "fwd = forwardProblem.forward_problem(MinhaMalha, Pcorrente=None, SkipPattern=0, VirtualNode = True)   # __init__ roda aqui\n",
    "\n",
    "\n",
    "print(f'Pcorrente \\n {fwd.corrente[MinhaMalha.NumberOfNodes-MinhaMalha.NumberOfElectrodes: MinhaMalha.NumberOfNodes]}')\n",
    "\n",
    "print(f'Pcorrente \\n {fwd.corrente.shape}')\n",
    "\n",
    "mtz_Vmedido = fwd.Solve()\n",
    "print(f'Vmedido \\n {fwd.Vmedido[:,0]}')\n",
    "\n",
    "nome_arquivo = 'circ8_anom4_tst_Hua_v4_1_lc_0_01'\n",
    "#fwd.criar_arquivo_pos_2D( fwd.Vmedido, nome_arquivo)\n",
    "\n",
    "#fwd.abrir_Gmsh_pos(nome_arquivo, runGmsh=True)\n",
    "\n",
    "V_measured = fwd.Vmedido_eletrodos\n",
    "\n",
    "print(f'V_mesured \\n {V_measured}')\n",
    "\n",
    "\n",
    "invProblem_2D = inverseProblem_2D.inverse_problem(MinhaMalha, Pcorrente=fwd.corrente)\n",
    "invProblem_2D.solve(V_measured, initialEstimate=2.9,alpha =2.5,  Lambda = 0.50, max_iter=1,Tol=5.0e-4)\n",
    "#print('Y_jacobian',invProblem.Y_jacobian)\n"
   ]
  },
  {
   "cell_type": "markdown",
   "id": "2f885788",
   "metadata": {},
   "source": [
    "# TESTE COM eletrodo pontual"
   ]
  },
  {
   "cell_type": "code",
   "execution_count": null,
   "id": "381ce059",
   "metadata": {},
   "outputs": [],
   "source": [
    "import numpy as np\n",
    "import mesh\n",
    "import forwardProblem\n",
    "import inverseProblem\n",
    "import inverseProblem_2D\n",
    "import matplotlib.pyplot as plt\n",
    "\n",
    "nome = '../../malhasMSH/circ16_anomalia6.msh'\n",
    "\n",
    "MinhaMalhaPto = mesh.PointElectrodes2DMeshEdson(16, nome_msh=nome, altura2D = 0.02)\n",
    "MinhaMalhaPto.ReadMesh() \n",
    "\n",
    "print(MinhaMalhaPto.Elements[2])\n",
    "print(f\"Centroid: {MinhaMalhaPto.Elements[2].Centroid}\")\n",
    "print(f\"KGeo: \\n{MinhaMalhaPto.Elements[2].KGeo}\")\n",
    "\n",
    "meus_sigmas = {\n",
    "1000 : 0.1,    \n",
    "1001 : 0.01,\n",
    "10001 : 0.2,\n",
    "10002 : 0.2, \n",
    "10003 : 0.2, \n",
    "10004 : 0.2, \n",
    "10005 : 0.2, \n",
    "10006 : 0.2, \n",
    "10007 : 0.2, \n",
    "10008 : 0.2, \n",
    "10008 : 0.2, \n",
    "10010 : 0.2, \n",
    "10011 : 0.2, \n",
    "10012 : 0.2, \n",
    "10013 : 0.2, \n",
    "10014 : 0.2, \n",
    "10015 : 0.2, \n",
    "10016 : 0.2,  \n",
    "}\n",
    "\n",
    "MinhaMalhaPto.SetSigmaPhysicaEntity(meus_sigmas)\n",
    "\n",
    "\n",
    "MinhaMalhaPto.CalcKGlobal() # calculando KGlobal usando Sigmas\n",
    "\n",
    "\n",
    "print(f'MinhaMalhaPto.KGlobal =  {MinhaMalhaPto.KGlobal}')\n",
    "\n",
    "fwd = forwardProblem.forward_problem(MinhaMalhaPto, Pcorrente=None, SkipPattern=3)   # __init__ roda aqui\n",
    "\n",
    "#print(f'Pcorrente \\n {fwd.corrente[MinhaMalhaPto.NumberOfNodes-MinhaMalhaPto.NumberOfElectrodes: MinhaMalhaPto.NumberOfNodes]}')\n",
    "print(f'Pcorrente \\n {fwd.corrente[:16]}')\n",
    "\n",
    "print(f'Pcorrente \\n {fwd.corrente.shape}')\n",
    "\n",
    "mtz_Vmedido = fwd.Solve()\n",
    "print(f'Vmedido \\n {fwd.Vmedido[:,0]}')\n",
    "\n",
    "nome_arquivo = 'circ16_anomalia6'\n",
    "fwd.criar_arquivo_pos_2D( fwd.Vmedido, nome_arquivo)\n",
    "\n",
    "fwd.abrir_Gmsh_pos(nome_arquivo, runGmsh=True)"
   ]
  },
  {
   "cell_type": "markdown",
   "id": "f2d61dd9",
   "metadata": {},
   "source": [
    "# TESTE com eletrodo pontual mesh 4 elementos"
   ]
  },
  {
   "cell_type": "markdown",
   "id": "bf924774",
   "metadata": {},
   "source": [
    "## Regularização Filtro Gaussiano FP_Alta\n",
    "\n",
    "fonte: Erick equação C.37\n",
    "\n",
    "$$\n",
    "\\hat{\\theta}_{k+1} = \\hat{\\theta}_k + \\alpha_k\n",
    "\\left( J_k^T W_1 J_k + \\lambda^2 L_2^T L_2 \\right)^{-1}\n",
    "\\cdot \\left( J_k^T W_1 (z - h(\\hat{\\theta}_k)) - \\lambda^2 L_2^T L_2 (\\hat{\\theta}_k - \\theta^*) \\right)\n",
    "$$\n",
    "onde,\n",
    "$$W_1=L_1^T L_1$$"
   ]
  },
  {
   "cell_type": "code",
   "execution_count": null,
   "id": "6847c959",
   "metadata": {},
   "outputs": [],
   "source": [
    "# %%time\n",
    "import numpy as np\n",
    "import mesh\n",
    "import forwardProblem\n",
    "import inverseProblem\n",
    "import inverseProblem_2D\n",
    "import matplotlib.pyplot as plt\n",
    "\n",
    "# TESTE COM eletrodo pontual mesh 4 elementos\n",
    "\n",
    "###############################################################################\n",
    "#nome = '../../malhasMSH/quatro_triangulos_03nov2025.msh'\n",
    "nome = '../../malhasMSH/circ16_3_anomalia6_v2.msh'\n",
    "\n",
    "#MinhaMalhaPto2 = mesh.PointElectrodes2DMeshEdson(4, nome_msh=nome, altura2D = 1.00)\n",
    "MinhaMalhaPto2 = mesh.PointElectrodes2DMeshEdson(16, nome_msh=nome, altura2D = 0.02)\n",
    "MinhaMalhaPto2.ReadMesh() \n",
    "\n",
    "#print(MinhaMalhaPto2.Elements[2])\n",
    "#print(f\"Centroid: {MinhaMalhaPto2.Elements[2].Centroid}\")\n",
    "#print(f\"KGeo: \\n{MinhaMalhaPto2.Elements[2].KGeo}\")\n",
    "#sigma_inicial = np.full(MinhaMalhaPto2.NumberOfElements, 1.0)          # Monta vetor sigma inicial\n",
    "\n",
    "\n",
    "\n",
    "meus_sigmas = {\n",
    "1000 : 3.0,\n",
    "1001 : 2.00,\n",
    "1002 : 2.00,    \n",
    "1003 : 2.00}\n",
    "\n",
    "MinhaMalhaPto2.SetSigmaPhysicaEntity(meus_sigmas)\n",
    "\n",
    "\n",
    "MinhaMalhaPto2.CalcKGlobal() # calculando KGlobal usando Sigmas\n",
    "\n",
    "\n",
    "#print(f'MinhaMalhaPto2.KGlobal =  {MinhaMalhaPto2.KGlobal}')\n",
    "\n",
    "fwd = forwardProblem.forward_problem(MinhaMalhaPto2, Pcorrente=None, SkipPattern=2, I =1.0e-3)   # __init__ roda aqui\n",
    "\n",
    "#print(f'Pcorrente \\n {fwd.corrente[MinhaMalhaPto.NumberOfNodes-MinhaMalhaPto.NumberOfElectrodes: MinhaMalhaPto.NumberOfNodes]}')\n",
    "#print(f'Pcorrente \\n {fwd.corrente[:16]}')\n",
    "\n",
    "#print(f'Pcorrente \\n {fwd.corrente.shape}')\n",
    "\n",
    "mtz_Vmedido = fwd.Solve()\n",
    "#print(f'Vmedido \\n {fwd.Vmedido[:,0]}')\n",
    "\n",
    "nome_arquivo = 'ParaVernoGmshPto'\n",
    "#fwd.criar_arquivo_pos_2D( fwd.Vmedido, nome_arquivo)\n",
    "\n",
    "#fwd.abrir_Gmsh_pos(nome_arquivo, runGmsh=True)\n",
    "\n",
    "#print(f'self.Yinversa \\n {fwd.Yinversa}')\n",
    "\n",
    "V_measured = fwd.Vmedido_eletrodos\n"
   ]
  },
  {
   "cell_type": "code",
   "execution_count": null,
   "id": "3fc4987a",
   "metadata": {},
   "outputs": [],
   "source": [
    "import numpy as np\n",
    "import mesh\n",
    "import forwardProblem\n",
    "import inverseProblem\n",
    "import inverseProblem_2D\n",
    "import matplotlib.pyplot as plt\n",
    "\n",
    "\n",
    "nome = '../../malhasMSH/circ16_base_plus.msh'\n",
    "\n",
    "MinhaMalhaBase16 = mesh.PointElectrodes2DMeshEdson(16, nome_msh=nome, altura2D = 0.02)\n",
    "#MinhaMalhaPto2 = mesh.PointElectrodes2DMeshEdson(4, nome_msh=nome, altura2D = 0.02)\n",
    "MinhaMalhaBase16.ReadMesh() \n",
    "\n",
    "meus_sigmas = {1000 : 1.0}\n",
    "\n",
    "MinhaMalhaBase16.SetSigmaPhysicaEntity(meus_sigmas)\n",
    "\n",
    "\n",
    "MinhaMalhaBase16.CalcKGlobal() # calculando KGlobal usando Sigmas\n",
    "\n",
    "\n",
    "#print(f'MinhaMalhaPto2.KGlobal =  {MinhaMalhaBase16.KGlobal.shape}')\n",
    "\n",
    "fwd = forwardProblem.forward_problem(MinhaMalhaBase16, Pcorrente=None, SkipPattern=2, I =1.0e-3)   # __init__ roda aqui\n",
    "\n",
    "\n",
    "\n",
    "\n",
    "#print(MinhaMalhaBase16.Elements[2])\n",
    "#print(f\"Centroid: {MinhaMalhaBase16.Elements[2].Centroid}\")\n",
    "#print(f\"KGeo: \\n{MinhaMalhaBase16.Elements[2].KGeo}\")\n",
    "#sigma_inicial = np.full(MinhaMalhaPto2.NumberOfElements, 1.0)          # Monta vetor sigma inicial\n",
    "#Pcorrente = np.loadtxt(\"padrao128CC_257b.txt\")\n",
    "iteration= np.loadtxt(\"lastIteration.txt\")\n",
    "#iteration =0\n",
    "print(f'lastIteration {iteration}')\n",
    "\n",
    "\n",
    "sigma_inicial_cont = np.loadtxt(\"sigma_inicial_cont.txt\")\n",
    "invProblem_2D = inverseProblem_2D.inverse_problem(MinhaMalhaBase16, Pcorrente=fwd.corrente)\n",
    "\n",
    "#invProblem_2D.solve(V_measured,initialEstimate=2.9, alpha =0.010,  Lambda = 0.5, max_iter=2, Tol=1.0e-20, iteration=iteration)\n",
    "invProblem_2D.solve(V_measured,initialEstimate=sigma_inicial_cont, alpha =0.0010,  Lambda = 1.0e-3, max_iter=10002, Tol=1.0e-20, iteration=iteration)\n",
    "#print('Y_jacobian',invProblem.Y_jacobian)\n"
   ]
  },
  {
   "cell_type": "markdown",
   "id": "84050a26",
   "metadata": {},
   "source": [
    "# TESTE ANISOTRÓPICO com eletrodo pontual "
   ]
  },
  {
   "cell_type": "code",
   "execution_count": null,
   "id": "88b198ea",
   "metadata": {},
   "outputs": [
    {
     "name": "stdout",
     "output_type": "stream",
     "text": [
      "Reading ../../malhasMSH/circ16_base_plus.msh.\n",
      "\n",
      "msh_physical_groups found (type triangle): [1000 1000 1000 1000 1000 1000 1000 1000 1000 1000 1000 1000 1000 1000\n",
      " 1000 1000 1000 1000 1000 1000 1000 1000 1000 1000 1000 1000 1000 1000\n",
      " 1000 1000 1000 1000 1000 1000 1000 1000 1000 1000 1000 1000 1000 1000\n",
      " 1000 1000 1000 1000 1000 1000 1000 1000 1000 1000 1000 1000 1000 1000\n",
      " 1000 1000 1000 1000 1000 1000 1000 1000 1000 1000 1000 1000 1000 1000\n",
      " 1000 1000 1000 1000 1000 1000 1000 1000 1000 1000 1000 1000 1000 1000\n",
      " 1000 1000 1000 1000 1000 1000 1000 1000 1000 1000 1000 1000 1000 1000\n",
      " 1000 1000 1000 1000 1000 1000 1000 1000 1000 1000 1000 1000 1000 1000\n",
      " 1000 1000 1000 1000 1000 1000 1000 1000 1000 1000 1000 1000 1000 1000\n",
      " 1000 1000 1000 1000 1000 1000 1000 1000 1000 1000 1000 1000 1000 1000\n",
      " 1000 1000 1000 1000 1000 1000 1000 1000 1000 1000 1000 1000 1000 1000\n",
      " 1000 1000 1000 1000 1000 1000 1000 1000 1000 1000 1000 1000 1000 1000\n",
      " 1000 1000 1000 1000 1000 1000 1000 1000 1000 1000 1000 1000 1000 1000\n",
      " 1000 1000 1000 1000 1000 1000 1000 1000 1000 1000 1000 1000 1000 1000\n",
      " 1000 1000 1000 1000 1000 1000 1000 1000 1000 1000 1000 1000 1000 1000\n",
      " 1000 1000 1000 1000 1000 1000 1000 1000 1000 1000 1000 1000 1000 1000\n",
      " 1000 1000 1000 1000 1000 1000 1000 1000 1000 1000 1000 1000 1000 1000\n",
      " 1000 1000 1000 1000 1000 1000 1000 1000 1000 1000 1000 1000 1000 1000\n",
      " 1000 1000 1000 1000 1000 1000 1000 1000 1000 1000 1000 1000 1000 1000\n",
      " 1000 1000 1000 1000 1000 1000 1000 1000 1000 1000 1000 1000 1000 1000\n",
      " 1000 1000 1000 1000 1000 1000 1000 1000 1000 1000 1000 1000 1000 1000\n",
      " 1000 1000 1000 1000 1000 1000 1000 1000 1000 1000 1000 1000 1000 1000\n",
      " 1000 1000 1000 1000 1000 1000 1000 1000 1000 1000 1000 1000 1000 1000\n",
      " 1000 1000 1000 1000 1000 1000 1000 1000 1000 1000 1000 1000 1000 1000\n",
      " 1000 1000 1000 1000 1000 1000 1000 1000 1000 1000 1000 1000 1000 1000\n",
      " 1000 1000 1000 1000 1000 1000 1000 1000 1000 1000 1000 1000 1000 1000\n",
      " 1000 1000 1000 1000 1000 1000 1000 1000 1000 1000 1000 1000 1000 1000\n",
      " 1000 1000 1000 1000 1000 1000 1000 1000 1000 1000 1000 1000 1000 1000\n",
      " 1000 1000 1000 1000 1000 1000 1000 1000 1000 1000 1000 1000 1000 1000\n",
      " 1000 1000 1000 1000 1000 1000 1000 1000 1000 1000 1000 1000 1000 1000\n",
      " 1000 1000 1000 1000 1000 1000 1000 1000 1000 1000 1000 1000 1000 1000\n",
      " 1000 1000 1000 1000 1000 1000 1000 1000 1000 1000 1000 1000 1000 1000\n",
      " 1000 1000 1000 1000 1000 1000 1000 1000 1000 1000 1000 1000 1000 1000\n",
      " 1000 1000 1000 1000 1000 1000 1000 1000 1000 1000 1000 1000 1000 1000\n",
      " 1000 1000 1000 1000 1000 1000 1000 1000 1000 1000 1000 1000 1000 1000\n",
      " 1000 1000 1000 1000 1000 1000 1000 1000 1000 1000 1000 1000 1000 1000\n",
      " 1000 1000 1000 1000 1000 1000 1000 1000 1000 1000 1000 1000 1000 1000\n",
      " 1000 1000 1000 1000 1000 1000 1000 1000 1000 1000 1000 1000 1000 1000\n",
      " 1000 1000 1000 1000 1000 1000 1000 1000 1000 1000 1000 1000 1000 1000\n",
      " 1000 1000 1000 1000 1000 1000 1000 1000 1000 1000 1000 1000 1000 1000\n",
      " 1000 1000 1000 1000 1000 1000 1000 1000 1000 1000 1000 1000 1000 1000\n",
      " 1000 1000 1000 1000 1000 1000 1000 1000 1000 1000 1000 1000 1000 1000\n",
      " 1000 1000 1000 1000 1000 1000 1000 1000 1000 1000 1000 1000 1000 1000\n",
      " 1000 1000 1000 1000 1000 1000 1000 1000 1000 1000 1000 1000 1000 1000\n",
      " 1000 1000 1000 1000 1000 1000 1000 1000 1000 1000 1000 1000 1000 1000\n",
      " 1000 1000 1000 1000 1000 1000 1000 1000 1000 1000 1000 1000 1000 1000\n",
      " 1000 1000 1000 1000 1000 1000 1000 1000 1000 1000 1000 1000 1000 1000\n",
      " 1000 1000 1000 1000 1000 1000 1000 1000 1000 1000 1000 1000 1000 1000\n",
      " 1000 1000 1000 1000 1000 1000 1000 1000 1000 1000 1000 1000 1000 1000\n",
      " 1000 1000 1000 1000 1000 1000 1000 1000 1000 1000 1000 1000 1000 1000\n",
      " 1000 1000 1000 1000 1000 1000 1000 1000 1000 1000 1000 1000 1000 1000\n",
      " 1000 1000 1000 1000].\n",
      "Physical tags found: [1000].\n",
      "Physical tags points: [10000 10001 10002 10003 10004 10005 10006 10007 10008 10009 10010 10011\n",
      " 10012 10013 10014 10015 10016]\n",
      "16 electrodes found.\n",
      "MSH file with 718 elements and 392 nodes.\n",
      "ElectrodeNodes: [ 0  1  2  3  4  5  6  7  8  9 10 11 12 13 14 15]\n",
      "GndNode: 16\n",
      "KGeo1 [[ 0.00137369 -0.00186899  0.00049531]\n",
      " [-0.00186899  0.07533962 -0.07347063]\n",
      " [ 0.00049531 -0.07347063  0.07297532]]\n",
      "KGeo1 [[ 0.06757862 -0.08010894  0.01253032]\n",
      " [-0.08010894  0.09644238 -0.01633343]\n",
      " [ 0.01253032 -0.01633343  0.00380311]]\n",
      "KGeo1 [[ 0.00140041 -0.00347895  0.00207854]\n",
      " [-0.00347895  0.08005005 -0.0765711 ]\n",
      " [ 0.00207854 -0.0765711   0.07449256]]\n",
      "KGeo1 [[ 0.0032844  -0.01306943  0.00978503]\n",
      " [-0.01306943  0.0824535  -0.06938408]\n",
      " [ 0.00978503 -0.06938408  0.05959905]]\n",
      "KGeo1 [[ 0.06090324 -0.07317502  0.01227178]\n",
      " [-0.07317502  0.08956146 -0.01638645]\n",
      " [ 0.01227178 -0.01638645  0.00411467]]\n",
      "KGeo1 [[ 0.09078839 -0.10522399  0.01443561]\n",
      " [-0.10522399  0.12305637 -0.01783237]\n",
      " [ 0.01443561 -0.01783237  0.00339677]]\n",
      "KGeo1 [[ 0.06606547 -0.05238305 -0.01368242]\n",
      " [-0.05238305  0.04304796  0.00933509]\n",
      " [-0.01368242  0.00933509  0.00434733]]\n",
      "KGeo1 [[ 0.00339585  0.01336692 -0.01676276]\n",
      " [ 0.01336692  0.08206337 -0.09543029]\n",
      " [-0.01676276 -0.09543029  0.11219305]]\n",
      "KGeo1 [[ 0.06974044 -0.07968833  0.0099479 ]\n",
      " [-0.07968833  0.0924891  -0.01280077]\n",
      " [ 0.0099479  -0.01280077  0.00285287]]\n",
      "KGeo1 [[ 0.07261231 -0.07865921  0.00604689]\n",
      " [-0.07865921  0.08658684 -0.00792763]\n",
      " [ 0.00604689 -0.00792763  0.00188074]]\n",
      "KGeo1 [[ 0.08353753 -0.03276765 -0.05076988]\n",
      " [-0.03276765  0.0140502   0.01871745]\n",
      " [-0.05076988  0.01871745  0.03205243]]\n",
      "KGeo1 [[ 0.00182838  0.00819987 -0.01002825]\n",
      " [ 0.00819987  0.09146773 -0.0996676 ]\n",
      " [-0.01002825 -0.0996676   0.10969585]]\n",
      "KGeo1 [[ 0.09092119 -0.09755073  0.00662954]\n",
      " [-0.09755073  0.10576351 -0.00821279]\n",
      " [ 0.00662954 -0.00821279  0.00158325]]\n",
      "KGeo1 [[ 0.09617176 -0.03873193 -0.05743983]\n",
      " [-0.03873193  0.01663859  0.02209334]\n",
      " [-0.05743983  0.02209334  0.03534649]]\n",
      "KGeo1 [[ 0.00151154  0.00694997 -0.00846151]\n",
      " [ 0.00694997  0.09811289 -0.10506286]\n",
      " [-0.00846151 -0.10506286  0.11352438]]\n",
      "KGeo1 [[ 0.07090349 -0.06923011 -0.00167339]\n",
      " [-0.06923011  0.06900658  0.00022353]\n",
      " [-0.00167339  0.00022353  0.00144986]]\n",
      "KGeo1 [[ 0.05579933  0.01076775 -0.06656709]\n",
      " [ 0.01076775  0.00387002 -0.01463777]\n",
      " [-0.06656709 -0.01463777  0.08120486]]\n",
      "KGeo1 [[ 0.16381331 -0.04468206 -0.11913125]\n",
      " [-0.04468206  0.01279802  0.03188404]\n",
      " [-0.11913125  0.03188404  0.08724721]]\n",
      "KGeo1 [[ 0.07612133 -0.08213797  0.00601665]\n",
      " [-0.08213797  0.08994387 -0.0078059 ]\n",
      " [ 0.00601665 -0.0078059   0.00178925]]\n",
      "KGeo1 [[ 0.00397132 -0.01396557  0.00999425]\n",
      " [-0.01396557  0.07429201 -0.06032645]\n",
      " [ 0.00999425 -0.06032645  0.05033219]]\n",
      "KGeo1 [[ 0.0019841  -0.0105226   0.0085385 ]\n",
      " [-0.0105226   0.10620686 -0.09568427]\n",
      " [ 0.0085385  -0.09568427  0.08714577]]\n",
      "KGeo1 [[ 0.11317839 -0.00716585 -0.10601254]\n",
      " [-0.00716585  0.00133726  0.00582859]\n",
      " [-0.10601254  0.00582859  0.10018395]]\n",
      "KGeo1 [[ 0.09977826 -0.10399951  0.00422125]\n",
      " [-0.10399951  0.10940157 -0.00540206]\n",
      " [ 0.00422125 -0.00540206  0.00118081]]\n",
      "KGeo1 [[ 0.09398472  0.01249662 -0.10648133]\n",
      " [ 0.01249662  0.00272561 -0.01522222]\n",
      " [-0.10648133 -0.01522222  0.12170356]]\n",
      "KGeo1 [[ 0.0287759  -0.05141485  0.02263894]\n",
      " [-0.05141485  0.09533972 -0.04392487]\n",
      " [ 0.02263894 -0.04392487  0.02128593]]\n",
      "KGeo1 [[ 0.07822399 -0.08699527  0.00877128]\n",
      " [-0.08699527  0.09802845 -0.01103318]\n",
      " [ 0.00877128 -0.01103318  0.00226191]]\n",
      "KGeo1 [[ 0.11060761 -0.05136487 -0.05924274]\n",
      " [-0.05136487  0.02475734  0.02660753]\n",
      " [-0.05924274  0.02660753  0.03263521]]\n",
      "KGeo1 [[ 0.08512749  0.0202257  -0.10535319]\n",
      " [ 0.0202257   0.00598019 -0.02620589]\n",
      " [-0.10535319 -0.02620589  0.13155907]]\n",
      "KGeo1 [[ 0.00122862  0.00096532 -0.00219393]\n",
      " [ 0.00096532  0.08215082 -0.08311614]\n",
      " [-0.00219393 -0.08311614  0.08531007]]\n",
      "KGeo1 [[ 0.00233726  0.00947026 -0.01180752]\n",
      " [ 0.00947026  0.08115742 -0.09062768]\n",
      " [-0.01180752 -0.09062768  0.1024352 ]]\n",
      "KGeo1 [[ 0.00424804  0.01335587 -0.0176039 ]\n",
      " [ 0.01335587  0.06553121 -0.07888707]\n",
      " [-0.0176039  -0.07888707  0.09649098]]\n",
      "KGeo1 [[ 0.00600867  0.01899533 -0.02500401]\n",
      " [ 0.01899533  0.07669293 -0.09568826]\n",
      " [-0.02500401 -0.09568826  0.12069227]]\n",
      "KGeo1 [[ 0.09021371  0.01585982 -0.10607353]\n",
      " [ 0.01585982  0.00389668 -0.01975649]\n",
      " [-0.10607353 -0.01975649  0.12583002]]\n",
      "KGeo1 [[ 0.09079024 -0.00165609 -0.08913415]\n",
      " [-0.00165609  0.00113165  0.00052445]\n",
      " [-0.08913415  0.00052445  0.0886097 ]]\n",
      "KGeo1 [[ 0.00188027  0.00704139 -0.00892166]\n",
      " [ 0.00704139  0.07955295 -0.08659434]\n",
      " [-0.00892166 -0.08659434  0.09551599]]\n",
      "KGeo1 [[ 1.01607445e-03 -1.00560633e-03 -1.04681195e-05]\n",
      " [-1.00560633e-03  9.94132310e-02 -9.84076247e-02]\n",
      " [-1.04681195e-05 -9.84076247e-02  9.84180928e-02]]\n",
      "KGeo1 [[ 0.09160891 -0.00239932 -0.0892096 ]\n",
      " [-0.00239932  0.00115444  0.00124488]\n",
      " [-0.0892096   0.00124488  0.08796472]]\n",
      "KGeo1 [[ 0.06747672 -0.07736099  0.00988427]\n",
      " [-0.07736099  0.09017514 -0.01281415]\n",
      " [ 0.00988427 -0.01281415  0.00292988]]\n",
      "KGeo1 [[ 0.12039484 -0.05183848 -0.06855636]\n",
      " [-0.05183848  0.02315072  0.02868775]\n",
      " [-0.06855636  0.02868775  0.03986861]]\n",
      "KGeo1 [[ 0.09922976 -0.0083668  -0.09086296]\n",
      " [-0.0083668   0.00171323  0.00665357]\n",
      " [-0.09086296  0.00665357  0.08420939]]\n",
      "KGeo1 [[ 0.00199296  0.00713242 -0.00912539]\n",
      " [ 0.00713242  0.07570202 -0.08283444]\n",
      " [-0.00912539 -0.08283444  0.09195983]]\n",
      "KGeo1 [[ 0.07682482 -0.08317051  0.00634569]\n",
      " [-0.08317051  0.09134201 -0.0081715 ]\n",
      " [ 0.00634569 -0.0081715   0.00182581]]\n",
      "KGeo1 [[ 0.01087803 -0.02637303  0.015495  ]\n",
      " [-0.02637303  0.07313242 -0.04675939]\n",
      " [ 0.015495   -0.04675939  0.03126439]]\n",
      "KGeo1 [[ 0.02512984  0.03060687 -0.0557367 ]\n",
      " [ 0.03060687  0.04125694 -0.07186381]\n",
      " [-0.0557367  -0.07186381  0.12760051]]\n",
      "KGeo1 [[ 0.07441594  0.00010542 -0.07452136]\n",
      " [ 0.00010542  0.00134395 -0.00144937]\n",
      " [-0.07452136 -0.00144937  0.07597073]]\n",
      "KGeo1 [[ 0.00136952 -0.00392617  0.00255665]\n",
      " [-0.00392617  0.08427404 -0.08034787]\n",
      " [ 0.00255665 -0.08034787  0.07779122]]\n",
      "KGeo1 [[ 0.00424864  0.01440368 -0.01865232]\n",
      " [ 0.01440368  0.07236815 -0.08677183]\n",
      " [-0.01865232 -0.08677183  0.10542415]]\n",
      "KGeo1 [[ 0.08097071 -0.00159609 -0.07937462]\n",
      " [-0.00159609  0.00126648  0.00032962]\n",
      " [-0.07937462  0.00032962  0.079045  ]]\n",
      "KGeo1 [[ 0.00107207 -0.00202283  0.00095076]\n",
      " [-0.00202283  0.09709422 -0.09507138]\n",
      " [ 0.00095076 -0.09507138  0.09412062]]\n",
      "KGeo1 [[ 0.08547082  0.00494741 -0.09041823]\n",
      " [ 0.00494741  0.00145637 -0.00640378]\n",
      " [-0.09041823 -0.00640378  0.096822  ]]\n",
      "KGeo1 [[ 0.05496974 -0.05152353 -0.00344621]\n",
      " [-0.05152353  0.05011256  0.00141097]\n",
      " [-0.00344621  0.00141097  0.00203524]]\n",
      "KGeo1 [[ 0.11683108 -0.02901025 -0.08782083]\n",
      " [-0.02901025  0.00805945  0.0209508 ]\n",
      " [-0.08782083  0.0209508   0.06687003]]\n",
      "KGeo1 [[ 0.09640199 -0.00895614 -0.08744585]\n",
      " [-0.00895614  0.00186938  0.00708675]\n",
      " [-0.08744585  0.00708675  0.0803591 ]]\n",
      "KGeo1 [[ 0.09429865 -0.00647512 -0.08782353]\n",
      " [-0.00647512  0.00150508  0.00497004]\n",
      " [-0.08782353  0.00497004  0.08285349]]\n",
      "KGeo1 [[ 0.00097101 -0.00068085 -0.00029016]\n",
      " [-0.00068085  0.10346317 -0.10278232]\n",
      " [-0.00029016 -0.10278232  0.10307248]]\n",
      "KGeo1 [[ 0.08427748 -0.09028551  0.00600803]\n",
      " [-0.09028551  0.09790841 -0.00762289]\n",
      " [ 0.00600803 -0.00762289  0.00161486]]\n",
      "KGeo1 [[ 0.00134867 -0.00412837  0.0027797 ]\n",
      " [-0.00412837  0.08678436 -0.08265599]\n",
      " [ 0.0027797  -0.08265599  0.07987629]]\n",
      "KGeo1 [[ 0.06169257  0.017084   -0.07877656]\n",
      " [ 0.017084    0.00635187 -0.02343586]\n",
      " [-0.07877656 -0.02343586  0.10221242]]\n",
      "KGeo1 [[ 0.13747002 -0.07863662 -0.0588334 ]\n",
      " [-0.07863662  0.04570973  0.03292689]\n",
      " [-0.0588334   0.03292689  0.02590651]]\n",
      "KGeo1 [[ 0.00111149 -0.00026169 -0.00084979]\n",
      " [-0.00026169  0.09003134 -0.08976964]\n",
      " [-0.00084979 -0.08976964  0.09061943]]\n",
      "KGeo1 [[ 0.09569246 -0.05844879 -0.03724368]\n",
      " [-0.05844879  0.03674543  0.02170336]\n",
      " [-0.03724368  0.02170336  0.01554032]]\n",
      "KGeo1 [[ 0.08848675  0.00201414 -0.09050089]\n",
      " [ 0.00201414  0.00117596 -0.0031901 ]\n",
      " [-0.09050089 -0.0031901   0.09369099]]\n",
      "KGeo1 [[ 0.11596557 -0.09835214 -0.01761342]\n",
      " [-0.09835214  0.08427626  0.01407588]\n",
      " [-0.01761342  0.01407588  0.00353754]]\n",
      "KGeo1 [[ 0.0107397  -0.02803005  0.01729035]\n",
      " [-0.02803005  0.08246819 -0.05443814]\n",
      " [ 0.01729035 -0.05443814  0.03714779]]\n",
      "KGeo1 [[ 0.0019431   0.00543853 -0.00738163]\n",
      " [ 0.00543853  0.06668604 -0.07212457]\n",
      " [-0.00738163 -0.07212457  0.0795062 ]]\n",
      "KGeo1 [[ 0.00181011  0.00628297 -0.00809309]\n",
      " [ 0.00628297  0.07705363 -0.0833366 ]\n",
      " [-0.00809309 -0.0833366   0.09142969]]\n",
      "KGeo1 [[ 0.00123727 -0.00327115  0.00203387]\n",
      " [-0.00327115  0.08947131 -0.08620016]\n",
      " [ 0.00203387 -0.08620016  0.08416629]]\n",
      "KGeo1 [[ 0.00119984  0.00124998 -0.00244983]\n",
      " [ 0.00124998  0.08464657 -0.08589655]\n",
      " [-0.00244983 -0.08589655  0.08834638]]\n",
      "KGeo1 [[ 0.00824405  0.02146172 -0.02970577]\n",
      " [ 0.02146172  0.06800116 -0.08946288]\n",
      " [-0.02970577 -0.08946288  0.11916865]]\n",
      "KGeo1 [[ 0.0974017  -0.08034895 -0.01705275]\n",
      " [-0.08034895  0.06730842  0.01304054]\n",
      " [-0.01705275  0.01304054  0.00401221]]\n",
      "KGeo1 [[ 0.08103836 -0.00706865 -0.07396971]\n",
      " [-0.00706865  0.00185055  0.0052181 ]\n",
      " [-0.07396971  0.0052181   0.06875161]]\n",
      "KGeo1 [[ 0.03667568 -0.0595381   0.02286242]\n",
      " [-0.0595381   0.0993788  -0.0398407 ]\n",
      " [ 0.02286242 -0.0398407   0.01697828]]\n",
      "KGeo1 [[ 0.08008471  0.01493985 -0.09502456]\n",
      " [ 0.01493985  0.00403572 -0.01897557]\n",
      " [-0.09502456 -0.01897557  0.11400013]]\n",
      "KGeo1 [[ 0.09670943  0.00148195 -0.09819138]\n",
      " [ 0.00148195  0.00105673 -0.00253868]\n",
      " [-0.09819138 -0.00253868  0.10073006]]\n",
      "KGeo1 [[ 0.06520934 -0.08656337  0.02135403]\n",
      " [-0.08656337  0.11644371 -0.02988034]\n",
      " [ 0.02135403 -0.02988034  0.00852631]]\n",
      "KGeo1 [[ 0.0844493  -0.08668474  0.00223545]\n",
      " [-0.08668474  0.09016351 -0.00347876]\n",
      " [ 0.00223545 -0.00347876  0.00124332]]\n",
      "KGeo1 [[ 0.07913856 -0.08561453  0.00647597]\n",
      " [-0.08561453  0.09388404 -0.00826951]\n",
      " [ 0.00647597 -0.00826951  0.00179354]]\n",
      "KGeo1 [[ 0.09080698 -0.00233689 -0.08847009]\n",
      " [-0.00233689  0.00116138  0.00117551]\n",
      " [-0.08847009  0.00117551  0.08729458]]\n",
      "KGeo1 [[ 0.09041278 -0.00905943 -0.08135336]\n",
      " [-0.00905943  0.0020138   0.00704563]\n",
      " [-0.08135336  0.00704563  0.07430773]]\n",
      "KGeo1 [[ 0.1065376  -0.05837819 -0.04815941]\n",
      " [-0.05837819  0.03292747  0.02545073]\n",
      " [-0.04815941  0.02545073  0.02270868]]\n",
      "KGeo1 [[ 0.0017236   0.00597131 -0.00769491]\n",
      " [ 0.00597131  0.07870543 -0.08467674]\n",
      " [-0.00769491 -0.08467674  0.09237166]]\n",
      "KGeo1 [[ 0.0818878  -0.08237814  0.00049034]\n",
      " [-0.08237814  0.0840926  -0.00171446]\n",
      " [ 0.00049034 -0.00171446  0.00122412]]\n",
      "KGeo1 [[ 0.0038631   0.0150517  -0.0189148 ]\n",
      " [ 0.0150517   0.08453142 -0.09958312]\n",
      " [-0.0189148  -0.09958312  0.11849793]]\n",
      "KGeo1 [[ 0.09524812 -0.09326158 -0.00198655]\n",
      " [-0.09326158  0.09236635  0.00089522]\n",
      " [-0.00198655  0.00089522  0.00109132]]\n",
      "KGeo1 [[ 0.08036415 -0.08165785  0.0012937 ]\n",
      " [-0.08165785  0.08421671 -0.00255886]\n",
      " [ 0.0012937  -0.00255886  0.00126516]]\n",
      "KGeo1 [[ 0.13905917 -0.07038132 -0.06867785]\n",
      " [-0.07038132  0.03634086  0.03404046]\n",
      " [-0.06867785  0.03404046  0.0346374 ]]\n",
      "KGeo1 [[ 0.06981071  0.00615645 -0.07596716]\n",
      " [ 0.00615645  0.00197537 -0.00813182]\n",
      " [-0.07596716 -0.00813182  0.08409898]]\n",
      "KGeo1 [[ 0.09473033 -0.03121639 -0.06351394]\n",
      " [-0.03121639  0.01134234  0.01987406]\n",
      " [-0.06351394  0.01987406  0.04363988]]\n",
      "KGeo1 [[ 0.00100573 -0.00176927  0.00076354]\n",
      " [-0.00176927  0.10254263 -0.10077336]\n",
      " [ 0.00076354 -0.10077336  0.10000982]]\n",
      "KGeo1 [[ 0.08596737  0.00090083 -0.0868682 ]\n",
      " [ 0.00090083  0.00117267 -0.0020735 ]\n",
      " [-0.0868682  -0.0020735   0.08894171]]\n",
      "KGeo1 [[ 0.11516149 -0.01833394 -0.09682755]\n",
      " [-0.01833394  0.00378715  0.01454679]\n",
      " [-0.09682755  0.01454679  0.08228076]]\n",
      "KGeo1 [[ 0.09776963 -0.01582193 -0.0819477 ]\n",
      " [-0.01582193  0.00358325  0.01223867]\n",
      " [-0.0819477   0.01223867  0.06970903]]\n",
      "KGeo1 [[ 0.08387996 -0.08062075 -0.00325921]\n",
      " [-0.08062075  0.07868036  0.00194039]\n",
      " [-0.00325921  0.00194039  0.00131882]]\n",
      "KGeo1 [[ 0.01497082  0.02235174 -0.03732255]\n",
      " [ 0.02235174  0.04005127 -0.06240301]\n",
      " [-0.03732255 -0.06240301  0.09972557]]\n",
      "KGeo1 [[ 0.00120196 -0.00319937  0.00199741]\n",
      " [-0.00319937  0.09171339 -0.08851402]\n",
      " [ 0.00199741 -0.08851402  0.08651661]]\n",
      "KGeo1 [[ 0.09006808 -0.09023169  0.00016361]\n",
      " [-0.09023169  0.09150587 -0.00127418]\n",
      " [ 0.00016361 -0.00127418  0.00111057]]\n",
      "KGeo1 [[ 0.07884101 -0.0847916   0.00595059]\n",
      " [-0.0847916   0.09245969 -0.00766809]\n",
      " [ 0.00595059 -0.00766809  0.0017175 ]]\n",
      "KGeo1 [[ 0.00157708  0.00486148 -0.00643856]\n",
      " [ 0.00486148  0.07839409 -0.08325556]\n",
      " [-0.00643856 -0.08325556  0.08969412]]\n",
      "KGeo1 [[ 0.09156293  0.0028079  -0.09437084]\n",
      " [ 0.0028079   0.00117825 -0.00398616]\n",
      " [-0.09437084 -0.00398616  0.09835699]]\n",
      "KGeo1 [[ 0.09002833 -0.00087585 -0.08915248]\n",
      " [-0.00087585  0.00111928 -0.00024343]\n",
      " [-0.08915248 -0.00024343  0.08939592]]\n",
      "KGeo1 [[ 0.00323988  0.00935894 -0.01259882]\n",
      " [ 0.00935894  0.05790028 -0.06725922]\n",
      " [-0.01259882 -0.06725922  0.07985803]]\n",
      "KGeo1 [[ 0.0013993  -0.00499543  0.00359614]\n",
      " [-0.00499543  0.08929801 -0.08430257]\n",
      " [ 0.00359614 -0.08430257  0.08070644]]\n",
      "KGeo1 [[ 0.08318327 -0.08543653  0.00225326]\n",
      " [-0.08543653  0.08895299 -0.00351646]\n",
      " [ 0.00225326 -0.00351646  0.0012632 ]]\n",
      "KGeo1 [[ 0.0902525  -0.00810146 -0.08215104]\n",
      " [-0.00810146  0.00183523  0.00626624]\n",
      " [-0.08215104  0.00626624  0.07588481]]\n",
      "KGeo1 [[ 0.00133847  0.00322586 -0.00456433]\n",
      " [ 0.00322586  0.08248711 -0.08571297]\n",
      " [-0.00456433 -0.08571297  0.0902773 ]]\n",
      "KGeo1 [[ 0.08400234 -0.0899675   0.00596516]\n",
      " [-0.0899675   0.09754671 -0.0075792 ]\n",
      " [ 0.00596516 -0.0075792   0.00161404]]\n",
      "KGeo1 [[ 0.03946507  0.03824419 -0.07770926]\n",
      " [ 0.03824419  0.03959497 -0.07783916]\n",
      " [-0.07770926 -0.07783916  0.15554842]]\n",
      "KGeo1 [[ 0.08768159 -0.00537689 -0.0823047 ]\n",
      " [-0.00537689  0.00147022  0.00390667]\n",
      " [-0.0823047   0.00390667  0.07839803]]\n",
      "KGeo1 [[ 0.00122437  0.00209247 -0.00331684]\n",
      " [ 0.00209247  0.08525062 -0.08734308]\n",
      " [-0.00331684 -0.08734308  0.09065992]]\n",
      "KGeo1 [[ 0.00114502 -0.00023678 -0.00090824]\n",
      " [-0.00023678  0.08738361 -0.08714683]\n",
      " [-0.00090824 -0.08714683  0.08805507]]\n",
      "KGeo1 [[ 0.08871768 -0.09124672  0.00252903]\n",
      " [-0.09124672  0.09497502 -0.0037283 ]\n",
      " [ 0.00252903 -0.0037283   0.00119927]]\n",
      "KGeo1 [[ 0.00475316  0.01759273 -0.02234589]\n",
      " [ 0.01759273  0.08615398 -0.1037467 ]\n",
      " [-0.02234589 -0.1037467   0.1260926 ]]\n",
      "KGeo1 [[ 0.05566023 -0.06520781  0.00954758]\n",
      " [-0.06520781  0.07818974 -0.01298193]\n",
      " [ 0.00954758 -0.01298193  0.00343434]]\n",
      "KGeo1 [[ 0.0014534   0.00481072 -0.00626412]\n",
      " [ 0.00481072  0.0847275  -0.08953822]\n",
      " [-0.00626412 -0.08953822  0.09580234]]\n",
      "KGeo1 [[ 0.00476415 -0.02070593  0.01594177]\n",
      " [-0.02070593  0.110982   -0.09027607]\n",
      " [ 0.01594177 -0.09027607  0.0743343 ]]\n",
      "KGeo1 [[ 0.01386195  0.02407352 -0.03793547]\n",
      " [ 0.02407352  0.04902155 -0.07309507]\n",
      " [-0.03793547 -0.07309507  0.11103054]]\n",
      "KGeo1 [[ 0.0959121  -0.00945463 -0.08645747]\n",
      " [-0.00945463  0.00197462  0.00748001]\n",
      " [-0.08645747  0.00748001  0.07897746]]\n",
      "KGeo1 [[ 0.08604865 -0.01927468 -0.06677396]\n",
      " [-0.01927468  0.00547961  0.01379507]\n",
      " [-0.06677396  0.01379507  0.05297889]]\n",
      "KGeo1 [[ 0.04999882  0.03597681 -0.08597563]\n",
      " [ 0.03597681  0.02788728 -0.06386409]\n",
      " [-0.08597563 -0.06386409  0.14983973]]\n",
      "KGeo1 [[ 0.06069964  0.03566588 -0.09636552]\n",
      " [ 0.03566588  0.02260401 -0.05826989]\n",
      " [-0.09636552 -0.05826989  0.15463541]]\n",
      "KGeo1 [[ 0.04834528 -0.07152264  0.02317736]\n",
      " [-0.07152264  0.10787997 -0.03635734]\n",
      " [ 0.02317736 -0.03635734  0.01317998]]\n",
      "KGeo1 [[ 0.00153142  0.00622241 -0.00775383]\n",
      " [ 0.00622241  0.09058149 -0.0968039 ]\n",
      " [-0.00775383 -0.0968039   0.10455774]]\n",
      "KGeo1 [[ 0.00130967  0.00327805 -0.00458772]\n",
      " [ 0.00327805  0.08455981 -0.08783786]\n",
      " [-0.00458772 -0.08783786  0.09242558]]\n",
      "KGeo1 [[ 0.08805959 -0.00601597 -0.08204361]\n",
      " [-0.00601597  0.00154659  0.00446938]\n",
      " [-0.08204361  0.00446938  0.07757423]]\n",
      "KGeo1 [[ 0.00164526  0.00566683 -0.00731209]\n",
      " [ 0.00566683  0.08029894 -0.08596577]\n",
      " [-0.00731209 -0.08596577  0.09327786]]\n",
      "KGeo1 [[ 0.07926575 -0.08333622  0.00407047]\n",
      " [-0.08333622  0.08887729 -0.00554108]\n",
      " [ 0.00407047 -0.00554108  0.00147061]]\n",
      "KGeo1 [[ 0.05442065 -0.06692938  0.01250873]\n",
      " [-0.06692938  0.08415082 -0.01722144]\n",
      " [ 0.01250873 -0.01722144  0.0047127 ]]\n",
      "KGeo1 [[ 0.00130333  0.00291198 -0.0042153 ]\n",
      " [ 0.00291198  0.08323296 -0.08614494]\n",
      " [-0.0042153  -0.08614494  0.09036024]]\n",
      "KGeo1 [[ 0.00373041  0.01230896 -0.01603937]\n",
      " [ 0.01230896  0.06742162 -0.07973057]\n",
      " [-0.01603937 -0.07973057  0.09576995]]\n",
      "KGeo1 [[ 0.08154405 -0.08627737  0.00473332]\n",
      " [-0.08627737  0.09251178 -0.0062344 ]\n",
      " [ 0.00473332 -0.0062344   0.00150108]]\n",
      "KGeo1 [[ 0.00149863  0.00473482 -0.00623344]\n",
      " [ 0.00473482  0.08168714 -0.08642196]\n",
      " [-0.00623344 -0.08642196  0.0926554 ]]\n",
      "KGeo1 [[ 0.08231293 -0.08829468  0.00598175]\n",
      " [-0.08829468  0.09592601 -0.00763133]\n",
      " [ 0.00598175 -0.00763133  0.00164958]]\n",
      "KGeo1 [[ 0.0922058  -0.08573382 -0.00647198]\n",
      " [-0.08573382  0.08080065  0.00493318]\n",
      " [-0.00647198  0.00493318  0.0015388 ]]\n",
      "KGeo1 [[ 0.10935497 -0.04061173 -0.06874324]\n",
      " [-0.04061173  0.01599664  0.02461508]\n",
      " [-0.06874324  0.02461508  0.04412815]]\n",
      "KGeo1 [[ 0.09325975 -0.00687492 -0.08638484]\n",
      " [-0.00687492  0.00157908  0.00529584]\n",
      " [-0.08638484  0.00529584  0.081089  ]]\n",
      "KGeo1 [[ 0.0817221  -0.0875963   0.0058742 ]\n",
      " [-0.0875963   0.09511639 -0.00752009]\n",
      " [ 0.0058742  -0.00752009  0.0016459 ]]\n",
      "KGeo1 [[ 0.08634958 -0.08649279  0.00014321]\n",
