{
 "cells": [
  {
   "cell_type": "code",
   "execution_count": 49,
   "id": "1c05ef00",
   "metadata": {},
   "outputs": [],
   "source": [
    "import numpy as np\n",
    "import mesh"
   ]
  },
  {
   "cell_type": "markdown",
   "id": "b9bc7e70",
   "metadata": {},
   "source": [
    "# EXEMPLOS BIBLIOTECA EDSON"
   ]
  },
  {
   "cell_type": "markdown",
   "id": "63f1fe93",
   "metadata": {},
   "source": [
    "ToDo:\n",
    "\n",
    "- Implementar elemento 1D ( class LinearLineEdson() ) [elements.py]\n",
    "- Implementar malha 1D ( class PointElectrodes1DMeshEdson() ) [mesh.py]\n",
    "- Rodar exemplos 1D antigos e ver se bate\n",
    "- Implementar problema direto (que deve funcionar com qualquer malha, não interessa se é 1D, 2D, com ou sem eletrodo...) [forward.py]"
   ]
  },
  {
   "cell_type": "markdown",
   "id": "c3ae8919",
   "metadata": {},
   "source": [
    "## Teste Tarefa unidimensional \n",
    "(class PointElectrodes1DMeshEdson())."
   ]
  },
  {
   "cell_type": "code",
   "execution_count": 50,
   "id": "a22fc59a",
   "metadata": {},
   "outputs": [
    {
     "name": "stdout",
     "output_type": "stream",
     "text": [
      "Reading ../../malhasMSH/unidimensional_100e_py.msh.\n",
      "\n",
      "msh_physical_groups found (type line): [1 1 1 1 1 1 1 1 1 1 1 1 1 1 1 1 1 1 1 1 1 1 1 1 1 1 1 1 1 1 1 1 1 1 1 1 1\n",
      " 1 1 1 1 1 1 1 1 1 1 1 1 1 1 1 1 1 1 1 1 1 1 1 1 1 1 1 1 1 1 1 1 1 1 1 1 1\n",
      " 1 1 1 2 2 2 2 2 2 2 2 2 2 2 2 2 2 2 2 2 2 2 2 2 2 2].\n",
      "Physical tags found (type line): [1 2].\n",
      "2 electrodes found.\n",
      "MSH file with 100 elements and 101 nodes.\n",
      "GndNode: 0\n",
      "first five coordinates: [[0.   0.   0.  ]\n",
      " [0.01 0.   0.  ]\n",
      " [0.02 0.   0.  ]\n",
      " [0.03 0.   0.  ]\n",
      " [0.04 0.   0.  ]]\n",
      "Altura1D: 0.02\n"
     ]
    }
   ],
   "source": [
    "nome = '../../malhasMSH/unidimensional_100e_py.msh'\n",
    "\n",
    "MinhaMalha1D = mesh.PointElectrodes1DMeshEdson(2, nome_msh=nome, altura1D = 0.02)\n",
    "MinhaMalha1D.ReadMesh()"
   ]
  },
  {
   "cell_type": "markdown",
   "id": "c2e8a6c0",
   "metadata": {},
   "source": [
    "## Comparação malhas sem eletrodo"
   ]
  },
  {
   "cell_type": "code",
   "execution_count": 51,
   "id": "705c030d",
   "metadata": {},
   "outputs": [
    {
     "name": "stdout",
     "output_type": "stream",
     "text": [
      "Reading ../../malhasMSH/circ16_anomalia6.msh.\n",
      "\n",
      "Physical tags found: [1000 1001].\n",
      "452 Elements and 257 Nodes found.\n",
      "ElectrodeNodes: [ 0  1  2  3  4  5  6  7  8  9 10 11 12 13 14 15]\n",
      "GndNode: 16\n",
      "72 174 176\n",
      "KGeo1 [[ 0.00963852 -0.00347946 -0.00615906]\n",
      " [-0.00347946  0.0116311  -0.00815165]\n",
      " [-0.00615906 -0.00815165  0.01431071]]\n",
      "174 72 220\n",
      "KGeo1 [[ 0.0094074  -0.00144861 -0.0079588 ]\n",
      " [-0.00144861  0.01085299 -0.00940438]\n",
      " [-0.0079588  -0.00940438  0.01736318]]\n",
      "28 3 209\n",
      "KGeo1 [[ 0.01283178 -0.00815473 -0.00467705]\n",
      " [-0.00815473  0.01297557 -0.00482084]\n",
      " [-0.00467705 -0.00482084  0.00949788]]\n",
      "144 145 211\n",
      "KGeo1 [[ 0.01544091 -0.00672045 -0.00872046]\n",
      " [-0.00672045  0.00940128 -0.00268084]\n",
      " [-0.00872046 -0.00268084  0.0114013 ]]\n",
      "11 45 206\n",
      "KGeo1 [[ 0.01191827 -0.00758951 -0.00432875]\n",
      " [-0.00758951  0.01322346 -0.00563395]\n",
      " [-0.00432875 -0.00563395  0.0099627 ]]\n",
      "132 214 219\n",
      "KGeo1 [[ 0.01219612 -0.00638895 -0.00580716]\n",
      " [-0.00638895  0.01154619 -0.00515724]\n",
      " [-0.00580716 -0.00515724  0.0109644 ]]\n",
      "110 119 208\n",
      "KGeo1 [[ 0.01250157 -0.00739035 -0.00511121]\n",
      " [-0.00739035  0.01236783 -0.00497748]\n",
      " [-0.00511121 -0.00497748  0.0100887 ]]\n",
      "145 78 211\n",
      "KGeo1 [[ 0.00962034 -0.00740613 -0.00221421]\n",
      " [-0.00740613  0.01609618 -0.00869005]\n",
      " [-0.00221421 -0.00869005  0.01090426]]\n",
      "6 35 216\n",
      "KGeo1 [[ 0.01284099 -0.00702265 -0.00581834]\n",
      " [-0.00702265  0.0116282  -0.00460555]\n",
      " [-0.00581834 -0.00460555  0.01042389]]\n",
      "119 129 141\n",
      "KGeo1 [[ 0.01402484 -0.00698047 -0.00704437]\n",
      " [-0.00698047  0.01060454 -0.00362407]\n",
      " [-0.00704437 -0.00362407  0.01066843]]\n",
      "75 160 161\n",
      "KGeo1 [[ 0.00959144 -0.00372924 -0.0058622 ]\n",
      " [-0.00372924  0.01187592 -0.00814668]\n",
      " [-0.0058622  -0.00814668  0.01400889]]\n",
      "141 129 142\n",
      "KGeo1 [[ 0.01119773 -0.00362675 -0.00757099]\n",
      " [-0.00362675  0.01010502 -0.00647827]\n",
      " [-0.00757099 -0.00647827  0.01404926]]\n",
      "15 53 211\n",
      "KGeo1 [[ 0.01364886 -0.00818576 -0.0054631 ]\n",
      " [-0.00818576  0.01223594 -0.00405018]\n",
      " [-0.0054631  -0.00405018  0.00951328]]\n",
      "160 75 162\n",
      "KGeo1 [[ 0.01150502 -0.00432478 -0.00718024]\n",
      " [-0.00432478  0.01031756 -0.00599277]\n",
      " [-0.00718024 -0.00599277  0.01317302]]\n",
      "36 7 220\n",
      "KGeo1 [[ 0.01247142 -0.00822093 -0.00425049]\n",
      " [-0.00822093  0.01343742 -0.00521648]\n",
      " [-0.00425049 -0.00521648  0.00946698]]\n",
      "119 141 208\n",
      "KGeo1 [[ 0.01030361 -0.00562839 -0.00467522]\n",
      " [-0.00562839  0.01277987 -0.00715148]\n",
      " [-0.00467522 -0.00715148  0.0118267 ]]\n",
      "144 93 171\n",
      "KGeo1 [[ 0.00989341 -0.00181754 -0.00807587]\n",
      " [-0.00181754  0.01044164 -0.0086241 ]\n",
      " [-0.00807587 -0.0086241   0.01669997]]\n",
      "41 42 191\n",
      "KGeo1 [[ 0.01465301 -0.00814208 -0.00651093]\n",
      " [-0.00814208  0.01134875 -0.00320668]\n",
      " [-0.00651093 -0.00320668  0.00971761]]\n",
      "113 138 140\n",
      "KGeo1 [[ 0.01048666 -0.00710152 -0.00338514]\n",
      " [-0.00710152  0.01434504 -0.00724352]\n",
      " [-0.00338514 -0.00724352  0.01062866]]\n",
      "170 77 196\n",
      "KGeo1 [[ 0.00973857 -0.002556   -0.00718257]\n",
      " [-0.002556    0.0109393  -0.0083833 ]\n",
      " [-0.00718257 -0.0083833   0.01556586]]\n",
      "113 140 146\n",
      "KGeo1 [[ 0.0114777  -0.00341634 -0.00806136]\n",
      " [-0.00341634  0.00972942 -0.00631308]\n",
      " [-0.00806136 -0.00631308  0.01437444]]\n",
      "76 11 206\n",
      "KGeo1 [[ 0.01313297 -0.00690501 -0.00622796]\n",
      " [-0.00690501  0.01124492 -0.00433991]\n",
      " [-0.00622796 -0.00433991  0.01056786]]\n",
      "93 144 211\n",
      "KGeo1 [[ 0.01047611 -0.00175303 -0.00872308]\n",
      " [-0.00175303  0.00983887 -0.00808585]\n",
      " [-0.00872308 -0.00808585  0.01680893]]\n",
      "77 170 229\n",
      "KGeo1 [[ 0.00969404 -0.00095397 -0.00874007]\n",
      " [-0.00095397  0.01040949 -0.00945552]\n",
      " [-0.00874007 -0.00945552  0.01819559]]\n",
      "144 142 145\n",
      "KGeo1 [[ 0.01290093 -0.00743322 -0.00546771]\n",
      " [-0.00743322  0.01203423 -0.00460101]\n",
      " [-0.00546771 -0.00460101  0.01006872]]\n",
      "175 96 224\n",
      "KGeo1 [[ 0.01015963 -0.00824018 -0.00191944]\n",
      " [-0.00824018  0.01652626 -0.00828607]\n",
      " [-0.00191944 -0.00828607  0.01020552]]\n",
      "214 67 219\n",
      "KGeo1 [[ 0.01309869 -0.00786513 -0.00523356]\n",
      " [-0.00786513  0.01235698 -0.00449185]\n",
      " [-0.00523356 -0.00449185  0.00972541]]\n",
      "3 117 209\n",
      "KGeo1 [[ 0.00987279 -0.00773839 -0.0021344 ]\n",
      " [-0.00773839  0.01619428 -0.00845588]\n",
      " [-0.0021344  -0.00845588  0.01059028]]\n",
      "96 175 220\n",
      "KGeo1 [[ 0.0177876  -0.00850579 -0.00928181]\n",
      " [-0.00850579  0.00968925 -0.00118346]\n",
      " [-0.00928181 -0.00118346  0.01046527]]\n",
      "212 175 224\n",
      "KGeo1 [[ 0.01313291 -0.00466332 -0.00846959]\n",
      " [-0.00466332  0.00927034 -0.00460702]\n",
      " [-0.00846959 -0.00460702  0.01307661]]\n",
      "175 174 220\n",
      "KGeo1 [[ 0.00967756 -0.0057954  -0.00388216]\n",
      " [-0.0057954   0.01380375 -0.00800835]\n",
      " [-0.00388216 -0.00800835  0.01189051]]\n",
      "2 27 189\n",
      "KGeo1 [[ 0.01187275 -0.00627193 -0.00560082]\n",
      " [-0.00627193  0.01173587 -0.00546394]\n",
      " [-0.00560082 -0.00546394  0.01106476]]\n",
      "188 16 213\n",
      "KGeo1 [[ 0.00916879 -0.0031407  -0.00602809]\n",
      " [-0.0031407   0.01198238 -0.00884168]\n",
      " [-0.00602809 -0.00884168  0.01486978]]\n",
      "28 209 227\n",
      "KGeo1 [[ 0.01081185 -0.00195985 -0.008852  ]\n",
      " [-0.00195985  0.00960437 -0.00764452]\n",
      " [-0.008852   -0.00764452  0.01649653]]\n",
      "42 69 191\n",
      "KGeo1 [[ 0.01101059 -0.00733268 -0.00367792]\n",
      " [-0.00733268  0.01396547 -0.0066328 ]\n",
      " [-0.00367792 -0.0066328   0.01031071]]\n",
      "16 188 243\n",
      "KGeo1 [[ 0.01186812 -0.00106818 -0.01079994]\n",
      " [-0.00106818  0.00852207 -0.00745389]\n",
      " [-0.01079994 -0.00745389  0.01825383]]\n",
      "116 6 216\n",
      "KGeo1 [[ 0.01260307 -0.00516975 -0.00743333]\n",
      " [-0.00516975  0.01005519 -0.00488544]\n",
      " [-0.00743333 -0.00488544  0.01231877]]\n",
      "160 162 186\n",
      "KGeo1 [[ 0.01233736 -0.00568431 -0.00665306]\n",
      " [-0.00568431  0.01072444 -0.00504013]\n",
      " [-0.00665306 -0.00504013  0.01169319]]\n",
      "35 72 216\n",
      "KGeo1 [[ 0.00963687 -0.00487327 -0.0047636 ]\n",
      " [-0.00487327  0.01284118 -0.00796791]\n",
      " [-0.0047636  -0.00796791  0.01273151]]\n",
      "142 129 145\n",
      "KGeo1 [[ 0.01082272 -0.00602851 -0.00479421]\n",
      " [-0.00602851  0.01259784 -0.00656934]\n",
      " [-0.00479421 -0.00656934  0.01136355]]\n",
      "162 130 186\n",
      "KGeo1 [[ 0.01055506 -0.0055664  -0.00498866]\n",
      " [-0.0055664   0.01240967 -0.00684327]\n",
      " [-0.00498866 -0.00684327  0.01183193]]\n",
      "53 93 211\n",
      "KGeo1 [[ 0.0096158  -0.00682541 -0.00279038]\n",
      " [-0.00682541  0.01524432 -0.0084189 ]\n",
      " [-0.00279038 -0.0084189   0.01120929]]\n",
      "78 15 211\n",
      "KGeo1 [[ 0.01297512 -0.00487989 -0.00809523]\n",
      " [-0.00487989  0.00954237 -0.00466248]\n",
      " [-0.00809523 -0.00466248  0.0127577 ]]\n",
      "157 217 230\n",
      "KGeo1 [[ 0.01327578 -0.0055181  -0.00775767]\n",
      " [-0.0055181   0.00982613 -0.00430802]\n",
      " [-0.00775767 -0.00430802  0.01206569]]\n",
      "126 141 142\n",
      "KGeo1 [[ 0.01124481 -0.00666586 -0.00457895]\n",
      " [-0.00666586  0.01284448 -0.00617861]\n",
      " [-0.00457895 -0.00617861  0.01075756]]\n",
      "126 142 143\n",
      "KGeo1 [[ 0.01128312 -0.00465929 -0.00662383]\n",
      " [-0.00465929  0.01078682 -0.00612753]\n",
      " [-0.00662383 -0.00612753  0.01275136]]\n",
      "231 200 234\n",
      "KGeo1 [[ 0.01148029 -0.00747961 -0.00400068]\n",
      " [-0.00747961  0.01358368 -0.00610407]\n",
      " [-0.00400068 -0.00610407  0.01010475]]\n",
      "7 96 220\n",
      "KGeo1 [[ 0.008659   -0.00626691 -0.00239209]\n",
      " [-0.00626691  0.01608432 -0.00981741]\n",
      " [-0.00239209 -0.00981741  0.0122095 ]]\n",
      "72 36 220\n",
      "KGeo1 [[ 0.01543211 -0.00572271 -0.00970941]\n",
      " [-0.00572271  0.00860215 -0.00287944]\n",
      " [-0.00970941 -0.00287944  0.01258885]]\n",
      "132 219 249\n",
      "KGeo1 [[ 0.01208688 -0.00294485 -0.00914202]\n",
      " [-0.00294485  0.00899092 -0.00604607]\n",
      " [-0.00914202 -0.00604607  0.01518809]]\n",
      "194 123 235\n",
      "KGeo1 [[ 0.0087048  -0.00498932 -0.00371548]\n",
      " [-0.00498932  0.01434763 -0.00935832]\n",
      " [-0.00371548 -0.00935832  0.0130738 ]]\n",
      "113 110 208\n",
      "KGeo1 [[ 0.01292673 -0.00566661 -0.00726012]\n",
      " [-0.00566661  0.01021995 -0.00455334]\n",
      " [-0.00726012 -0.00455334  0.01181345]]\n",
      "117 231 234\n",
      "KGeo1 [[ 0.01668028 -0.0086639  -0.00801638]\n",
      " [-0.0086639   0.01049522 -0.00183131]\n",
      " [-0.00801638 -0.00183131  0.0098477 ]]\n",
      "137 24 239\n",
      "KGeo1 [[ 0.01278639 -0.00168177 -0.01110462]\n",
      " [-0.00168177  0.00804201 -0.00636024]\n",
      " [-0.01110462 -0.00636024  0.01746487]]\n",
      "106 108 146\n",
      "KGeo1 [[ 0.01246124 -0.00678147 -0.00567977]\n",
      " [-0.00678147  0.01171539 -0.00493392]\n",
      " [-0.00567977 -0.00493392  0.01061369]]\n",
      "108 113 146\n",
      "KGeo1 [[ 0.01098391 -0.00615549 -0.00482842]\n",
      " [-0.00615549  0.01255382 -0.00639833]\n",
      " [-0.00482842 -0.00639833  0.01122675]]\n",
      "24 137 235\n",
      "KGeo1 [[ 0.0084156  -0.0003859  -0.0080297 ]\n",
      " [-0.0003859   0.01190039 -0.01151449]\n",
      " [-0.0080297  -0.01151449  0.01954419]]\n",
      "131 193 198\n",
      "KGeo1 [[ 0.01173101 -0.00565667 -0.00607434]\n",
      " [-0.00565667  0.01125205 -0.00559538]\n",
      " [-0.00607434 -0.00559538  0.01166972]]\n",
      "151 69 154\n",
      "KGeo1 [[ 0.01153609 -0.00538216 -0.00615393]\n",
      " [-0.00538216  0.01117949 -0.00579733]\n",
      " [-0.00615393 -0.00579733  0.01195126]]\n",
      "206 45 236\n",
      "KGeo1 [[ 0.00923637 -0.00228435 -0.00695203]\n",
      " [-0.00228435  0.01139173 -0.00910738]\n",
      " [-0.00695203 -0.00910738  0.0160594 ]]\n",
      "217 71 230\n",
      "KGeo1 [[ 0.00998562 -0.00671605 -0.00326957]\n",
      " [-0.00671605  0.01453143 -0.00781538]\n",
      " [-0.00326957 -0.00781538  0.01108495]]\n",
      "140 16 210\n",
      "KGeo1 [[ 0.00949008 -0.00391714 -0.00557294]\n",
      " [-0.00391714  0.01215416 -0.00823703]\n",
      " [-0.00557294 -0.00823703  0.01380997]]\n",
      "138 113 208\n",
      "KGeo1 [[ 0.01024526 -0.00464509 -0.00560017]\n",
      " [-0.00464509  0.01186665 -0.00722156]\n",
      " [-0.00560017 -0.00722156  0.01282173]]\n",
      "72 176 216\n",
      "KGeo1 [[ 0.01283585 -0.00503235 -0.0078035 ]\n",
      " [-0.00503235  0.00976363 -0.00473129]\n",
      " [-0.0078035  -0.00473129  0.01253479]]\n",
      "16 140 245\n",
      "KGeo1 [[ 0.01304449 -0.00144837 -0.01159612]\n",
      " [-0.00144837  0.00782689 -0.00637852]\n",
      " [-0.01159612 -0.00637852  0.01797464]]\n",
      "126 143 184\n",
      "KGeo1 [[ 0.01215138 -0.00579178 -0.0063596 ]\n",
      " [-0.00579178  0.01099009 -0.00519831]\n",
      " [-0.0063596  -0.00519831  0.01155791]]\n",
      "2 189 248\n",
      "KGeo1 [[ 0.01258259 -0.00232007 -0.01026252]\n",
      " [-0.00232007  0.00837528 -0.00605521]\n",
      " [-0.01026252 -0.00605521  0.01631773]]\n",
      "137 194 235\n",
      "KGeo1 [[ 0.01486666 -0.0058389  -0.00902776]\n",
      " [-0.0058389   0.0090197  -0.0031808 ]\n",
      " [-0.00902776 -0.0031808   0.01220855]]\n",
      "143 172 184\n",
      "KGeo1 [[ 0.0110396  -0.00630914 -0.00473046]\n",
      " [-0.00630914  0.01266398 -0.00635484]\n",
      " [-0.00473046 -0.00635484  0.0110853 ]]\n",
      "4 79 202\n",
      "KGeo1 [[ 0.01073333 -0.00569108 -0.00504225]\n",
      " [-0.00569108  0.01233433 -0.00664325]\n",
      " [-0.00504225 -0.00664325  0.01168549]]\n",
      "68 166 179\n",
      "KGeo1 [[ 0.01068894 -0.00529568 -0.00539326]\n",
      " [-0.00529568  0.01197913 -0.00668345]\n",
      " [-0.00539326 -0.00668345  0.01207671]]\n",
      "131 166 193\n",
      "KGeo1 [[ 0.01115841 -0.00536229 -0.00579612]\n",
      " [-0.00536229  0.01153875 -0.00617647]\n",
      " [-0.00579612 -0.00617647  0.01197259]]\n",
      "193 116 198\n",
      "KGeo1 [[ 0.01227906 -0.00671877 -0.00556029]\n",
      " [-0.00671877  0.01182027 -0.00510151]\n",
      " [-0.00556029 -0.00510151  0.0106618 ]]\n",
      "195 165 201\n",
      "KGeo1 [[ 0.01172701 -0.00613897 -0.00558803]\n",
      " [-0.00613897  0.01174102 -0.00560204]\n",
      " [-0.00558803 -0.00560204  0.01119008]]\n",
      "143 142 144\n",
      "KGeo1 [[ 0.01134936 -0.00536731 -0.00598205]\n",
      " [-0.00536731  0.01134936 -0.00598205]\n",
      " [-0.00598205 -0.00598205  0.0119641 ]]\n",
      "69 151 191\n",
      "KGeo1 [[ 0.01177772 -0.0064061  -0.00537162]\n",
      " [-0.0064061   0.01197499 -0.0055689 ]\n",
      " [-0.00537162 -0.0055689   0.01094052]]\n",
      "166 68 193\n",
      "KGeo1 [[ 0.01242523 -0.00501322 -0.00741201]\n",
      " [-0.00501322  0.01007083 -0.00505761]\n",
      " [-0.00741201 -0.00505761  0.01246962]]\n",
      "75 161 238\n",
      "KGeo1 [[ 0.00951151 -0.00215478 -0.00735674]\n",
      " [-0.00215478  0.01100173 -0.00884695]\n",
      " [-0.00735674 -0.00884695  0.01620369]]\n",
      "106 146 197\n",
      "KGeo1 [[ 0.01080161 -0.0049431  -0.00585851]\n",
      " [-0.0049431   0.01151997 -0.00657687]\n",
      " [-0.00585851 -0.00657687  0.01243538]]\n",
      "123 194 233\n",
      "KGeo1 [[ 0.01180889 -0.00364111 -0.00816779]\n",
      " [-0.00364111  0.00959088 -0.00594977]\n",
      " [-0.00816779 -0.00594977  0.01411756]]\n",
      "172 22 184\n",
      "KGeo1 [[ 0.01152274 -0.00552973 -0.00599301]\n",
      " [-0.00552973  0.0113322  -0.00580246]\n",
      " [-0.00599301 -0.00580246  0.01179547]]\n",
      "171 93 215\n",
      "KGeo1 [[ 0.01048711 -0.00540527 -0.00508184]\n",
      " [-0.00540527  0.0123215  -0.00691624]\n",
      " [-0.00508184 -0.00691624  0.01199808]]\n",
      "83 81 180\n",
      "KGeo1 [[ 0.01149012 -0.00575394 -0.00573618]\n",
      " [-0.00575394  0.01158455 -0.00583061]\n",
      " [-0.00573618 -0.00583061  0.01156679]]\n",
      "30 4 202\n",
      "KGeo1 [[ 0.01206071 -0.0056637  -0.00639701]\n",
      " [-0.0056637   0.01095105 -0.00528735]\n",
      " [-0.00639701 -0.00528735  0.01168436]]\n",
      "153 203 205\n",
      "KGeo1 [[ 0.01243856 -0.00675297 -0.00568559]\n",
      " [-0.00675297  0.01170575 -0.00495278]\n",
      " [-0.00568559 -0.00495278  0.01063837]]\n",
      "81 92 180\n",
      "KGeo1 [[ 0.0115299  -0.00588725 -0.00564265]\n",
      " [-0.00588725  0.01167917 -0.00579192]\n",
      " [-0.00564265 -0.00579192  0.01143457]]\n",
      "120 159 160\n",
      "KGeo1 [[ 0.01154608 -0.00607128 -0.0054748 ]\n",
      " [-0.00607128  0.01185341 -0.00578213]\n",
      " [-0.0054748  -0.00578213  0.01125693]]\n",
      "79 195 201\n",
      "KGeo1 [[ 0.01161    -0.0059667  -0.0056433 ]\n",
      " [-0.0059667   0.01167972 -0.00571301]\n",
      " [-0.0056433  -0.00571301  0.01135631]]\n",
      "120 158 159\n",
      "KGeo1 [[ 0.01159997 -0.00550942 -0.00609054]\n",
      " [-0.00550942  0.01123742 -0.005728  ]\n",
      " [-0.00609054 -0.005728    0.01181854]]\n",
      "219 218 249\n",
      "KGeo1 [[ 0.00861948 -0.00470635 -0.00391314]\n",
      " [-0.00470635  0.01417135 -0.009465  ]\n",
      " [-0.00391314 -0.009465    0.01337814]]\n",
      "152 151 154\n",
      "KGeo1 [[ 0.01165113 -0.00589894 -0.0057522 ]\n",
      " [-0.00589894  0.01156947 -0.00567054]\n",
      " [-0.0057522  -0.00567054  0.01142273]]\n",
      "41 191 228\n",
      "KGeo1 [[ 0.0100344  -0.0028641  -0.0071703 ]\n",
      " [-0.0028641   0.01078322 -0.00791911]\n",
      " [-0.0071703  -0.00791911  0.01508941]]\n",
      "0 23 123\n",
      "KGeo1 [[ 0.01154701 -0.0057735  -0.0057735 ]\n",
      " [-0.0057735   0.01154701 -0.0057735 ]\n",
      " [-0.0057735  -0.0057735   0.01154701]]\n",
      "106 107 108\n",
      "KGeo1 [[ 0.0115259  -0.00559856 -0.00592734]\n",
      " [-0.00559856  0.01139554 -0.00579698]\n",
      " [-0.00592734 -0.00579698  0.01172432]]\n",
      "120 160 186\n",
      "KGeo1 [[ 0.01141702 -0.00571791 -0.00569911]\n",
      " [-0.00571791  0.01162252 -0.00590461]\n",
      " [-0.00569911 -0.00590461  0.01160372]]\n",
      "148 151 152\n",
      "KGeo1 [[ 0.01145114 -0.00586498 -0.00558616]\n",
      " [-0.00586498  0.01173665 -0.00587167]\n",
      " [-0.00558616 -0.00587167  0.01145783]]\n",
      "108 109 110\n",
      "KGeo1 [[ 0.01188765 -0.00566912 -0.00621854]\n",
      " [-0.00566912  0.01111564 -0.00544652]\n",
      " [-0.00621854 -0.00544652  0.01166506]]\n",
      "107 105 158\n",
      "KGeo1 [[ 0.01148352 -0.00575958 -0.00572394]\n",
      " [-0.00575958  0.01159686 -0.00583728]\n",
      " [-0.00572394 -0.00583728  0.01156122]]\n",
      "163 164 166\n",
      "KGeo1 [[ 0.0115743  -0.00593634 -0.00563796]\n",
      " [-0.00593634  0.01168452 -0.00574818]\n",
      " [-0.00563796 -0.00574818  0.01138614]]\n",
      "143 144 171\n",
      "KGeo1 [[ 0.01150356 -0.00568611 -0.00581745]\n",
      " [-0.00568611  0.01150356 -0.00581745]\n",
      " [-0.00581745 -0.00581745  0.01163489]]\n",
      "53 54 93\n",
      "KGeo1 [[ 0.01184602 -0.0062282  -0.00561782]\n",
      " [-0.0062282   0.01171621 -0.00548802]\n",
      " [-0.00561782 -0.00548802  0.01110583]]\n",
      "147 148 152\n",
      "KGeo1 [[ 0.01160485 -0.00581471 -0.00579014]\n",
      " [-0.00581471  0.0115306  -0.00571589]\n",
      " [-0.00579014 -0.00571589  0.01150603]]\n",
      "112 147 152\n",
      "KGeo1 [[ 0.01154791 -0.00574095 -0.00580696]\n",
      " [-0.00574095  0.01151365 -0.0057727 ]\n",
      " [-0.00580696 -0.0057727   0.01157965]]\n",
      "121 155 156\n",
      "KGeo1 [[ 0.01139445 -0.00571652 -0.00567793]\n",
      " [-0.00571652  0.01164414 -0.00592762]\n",
      " [-0.00567793 -0.00592762  0.01160555]]\n",
      "112 102 147\n",
      "KGeo1 [[ 0.01156137 -0.0058028  -0.00575857]\n",
      " [-0.0058028   0.01156199 -0.00575919]\n",
      " [-0.00575857 -0.00575919  0.01151776]]\n",
      "121 104 155\n",
      "KGeo1 [[ 0.01145532 -0.00561976 -0.00583556]\n",
      " [-0.00561976  0.01148651 -0.00586675]\n",
      " [-0.00583556 -0.00586675  0.01170231]]\n",
      "120 107 158\n",
      "KGeo1 [[ 0.0115499  -0.00578028 -0.00576962]\n",
      " [-0.00578028  0.01155089 -0.00577061]\n",
      " [-0.00576962 -0.00577061  0.01154023]]\n",
      "165 180 181\n",
      "KGeo1 [[ 0.01139218 -0.00576678 -0.0056254 ]\n",
      " [-0.00576678  0.01169713 -0.00593035]\n",
      " [-0.0056254  -0.00593035  0.01155575]]\n",
      "108 107 109\n",
      "KGeo1 [[ 0.01135049 -0.00572546 -0.00562503]\n",
      " [-0.00572546  0.01169825 -0.00597279]\n",
      " [-0.00562503 -0.00597279  0.01159782]]\n",
      "3 29 117\n",
      "KGeo1 [[ 0.01108211 -0.00480856 -0.00627356]\n",
      " [-0.00480856  0.01110999 -0.00630144]\n",
      " [-0.00627356 -0.00630144  0.01257499]]\n",
      "4 31 79\n",
      "KGeo1 [[ 0.01124885 -0.00549372 -0.00575513]\n",
      " [-0.00549372  0.01157282 -0.0060791 ]\n",
      " [-0.00575513 -0.0060791   0.01183423]]\n",
      "52 15 78\n",
      "KGeo1 [[ 0.01398242 -0.00659355 -0.00738887]\n",
      " [-0.00659355  0.01026109 -0.00366754]\n",
      " [-0.00738887 -0.00366754  0.01105641]]\n",
      "149 167 168\n",
      "KGeo1 [[ 0.01147553 -0.00578514 -0.00569039]\n",
      " [-0.00578514  0.01163065 -0.00584551]\n",
      " [-0.00569039 -0.00584551  0.0115359 ]]\n",
      "164 115 165\n",
      "KGeo1 [[ 0.01136968 -0.00586509 -0.00550459]\n",
      " [-0.00586509  0.01182085 -0.00595575]\n",
      " [-0.00550459 -0.00595575  0.01146035]]\n",
      "106 105 107\n",
      "KGeo1 [[ 0.01135712 -0.00577035 -0.00558677]\n",
      " [-0.00577035  0.01173686 -0.00596651]\n",
      " [-0.00558677 -0.00596651  0.01155328]]\n",
      "95 114 167\n",
      "KGeo1 [[ 0.01155157 -0.00578159 -0.00576998]\n",
      " [-0.00578159  0.01155054 -0.00576895]\n",
      " [-0.00576998 -0.00576895  0.01153892]]\n",
      "110 118 119\n",
      "KGeo1 [[ 0.0122808  -0.00530131 -0.00697949]\n",
      " [-0.00530131  0.01043123 -0.00512992]\n",
      " [-0.00697949 -0.00512992  0.01210941]]\n",
      "5 33 68\n",
      "KGeo1 [[ 0.01156203 -0.00564531 -0.00591672]\n",
      " [-0.00564531  0.01140539 -0.00576008]\n",
      " [-0.00591672 -0.00576008  0.01167681]]\n",
      "160 159 161\n",
      "KGeo1 [[ 0.0113206  -0.00543883 -0.00588177]\n",
      " [-0.00543883  0.01144646 -0.00600763]\n",
      " [-0.00588177 -0.00600763  0.01188941]]\n",
      "173 124 176\n",
      "KGeo1 [[ 0.01101784 -0.00599523 -0.00502261]\n",
      " [-0.00599523  0.01233842 -0.00634319]\n",
      " [-0.00502261 -0.00634319  0.0113658 ]]\n",
      "50 14 67\n",
      "KGeo1 [[ 0.01276958 -0.00459601 -0.00817357]\n",
      " [-0.00459601  0.0094853  -0.00488929]\n",
      " [-0.00817357 -0.00488929  0.01306286]]\n",
      "130 162 204\n",
      "KGeo1 [[ 0.01058097 -0.00409042 -0.00649054]\n",
      " [-0.00409042  0.01103222 -0.0069418 ]\n",
      " [-0.00649054 -0.0069418   0.01343234]]\n",
      "98 95 167\n",
      "KGeo1 [[ 0.01154475 -0.00575942 -0.00578533]\n",
      " [-0.00575942  0.01153519 -0.00577577]\n",
      " [-0.00578533 -0.00577577  0.0115611 ]]\n",
      "110 109 118\n",
      "KGeo1 [[ 0.01102358 -0.0057162  -0.00530738]\n",
      " [-0.0057162   0.01203555 -0.00631936]\n",
      " [-0.00530738 -0.00631936  0.01162674]]\n",
      "163 115 164\n",
      "KGeo1 [[ 0.01151055 -0.00569363 -0.00581692]\n",
      " [-0.00569363  0.01150401 -0.00581038]\n",
      " [-0.00581692 -0.00581038  0.0116273 ]]\n",
      "143 171 172\n",
      "KGeo1 [[ 0.01178056 -0.00552444 -0.00625611]\n",
      " [-0.00552444  0.01107923 -0.00555478]\n",
      " [-0.00625611 -0.00555478  0.0118109 ]]\n",
      "103 105 106\n",
      "KGeo1 [[ 0.01167965 -0.0057236  -0.00595606]\n",
      " [-0.0057236   0.01136674 -0.00564314]\n",
      " [-0.00595606 -0.00564314  0.0115992 ]]\n",
      "105 121 158\n",
      "KGeo1 [[ 0.01154485 -0.00568903 -0.00585581]\n",
      " [-0.00568903  0.0114653  -0.00577626]\n",
      " [-0.00585581 -0.00577626  0.01163208]]\n",
      "166 164 179\n",
      "KGeo1 [[ 0.01072304 -0.00539629 -0.00532676]\n",
      " [-0.00539629  0.01204135 -0.00664506]\n",
      " [-0.00532676 -0.00664506  0.01197182]]\n",
      "102 100 147\n",
      "KGeo1 [[ 0.01152677 -0.00575704 -0.00576974]\n",
      " [-0.00575704  0.0115508  -0.00579377]\n",
      " [-0.00576974 -0.00579377  0.0115635 ]]\n",
      "112 152 153\n",
      "KGeo1 [[ 0.01155581 -0.00559004 -0.00596577]\n",
      " [-0.00559004  0.0113578  -0.00576776]\n",
      " [-0.00596577 -0.00576776  0.01173353]]\n",
      "115 83 180\n",
      "KGeo1 [[ 0.01141448 -0.00570454 -0.00570994]\n",
      " [-0.00570454  0.01161172 -0.00590718]\n",
      " [-0.00570994 -0.00590718  0.01161713]]\n",
      "131 163 166\n",
      "KGeo1 [[ 0.01174329 -0.00587546 -0.00586784]\n",
      " [-0.00587546  0.01145513 -0.00557968]\n",
      " [-0.00586784 -0.00557968  0.01144751]]\n",
      "104 112 155\n",
      "KGeo1 [[ 0.01161419 -0.00565422 -0.00595998]\n",
      " [-0.00565422  0.01136283 -0.00570862]\n",
      " [-0.00595998 -0.00570862  0.01166859]]\n",
      "180 92 181\n",
      "KGeo1 [[ 0.0114258  -0.00574751 -0.0056783 ]\n",
      " [-0.00574751  0.01164328 -0.00589577]\n",
      " [-0.0056783  -0.00589577  0.01157407]]\n",
      "131 87 163\n",
      "KGeo1 [[ 0.01156988 -0.0056186  -0.00595129]\n",
      " [-0.0056186   0.01137165 -0.00575305]\n",
      " [-0.00595129 -0.00575305  0.01170434]]\n",
      "167 114 168\n",
      "KGeo1 [[ 0.01149215 -0.00568941 -0.00580274]\n",
      " [-0.00568941  0.01151824 -0.00582883]\n",
      " [-0.00580274 -0.00582883  0.01163157]]\n",
      "88 124 173\n",
      "KGeo1 [[ 0.0115902  -0.00586311 -0.00572709]\n",
      " [-0.00586311  0.01159393 -0.00573083]\n",
      " [-0.00572709 -0.00573083  0.01145792]]\n",
      "87 85 163\n",
      "KGeo1 [[ 0.01154291 -0.00579692 -0.00574599]\n",
      " [-0.00579692  0.01157458 -0.00577766]\n",
      " [-0.00574599 -0.00577766  0.01152364]]\n",
      "121 156 157\n",
      "KGeo1 [[ 0.01189977 -0.00569619 -0.00620359]\n",
      " [-0.00569619  0.01113017 -0.00543399]\n",
      " [-0.00620359 -0.00543399  0.01163757]]\n",
      "158 157 159\n",
      "KGeo1 [[ 0.01207302 -0.00610102 -0.005972  ]\n",
      " [-0.00610102  0.01136604 -0.00526502]\n",
      " [-0.005972   -0.00526502  0.01123702]]\n",
      "85 115 163\n",
      "KGeo1 [[ 0.01153613 -0.00580067 -0.00573546]\n",
      " [-0.00580067  0.01158515 -0.00578448]\n",
      " [-0.00573546 -0.00578448  0.01151994]]\n",
      "103 102 104\n",
      "KGeo1 [[ 0.01162316 -0.00580703 -0.00581613]\n",
      " [-0.00580703  0.01150476 -0.00569772]\n",
      " [-0.00581613 -0.00569772  0.01151385]]\n",
      "90 88 173\n",
      "KGeo1 [[ 0.01154847 -0.00576757 -0.0057809 ]\n",
      " [-0.00576757  0.01153961 -0.00577204]\n",
      " [-0.0057809  -0.00577204  0.01155294]]\n",
      "153 152 154\n",
      "KGeo1 [[ 0.01152892 -0.00594082 -0.0055881 ]\n",
      " [-0.00594082  0.01173513 -0.00579431]\n",
      " [-0.0055881  -0.00579431  0.01138241]]\n",
      "148 149 150\n",
      "KGeo1 [[ 0.0111085  -0.00483102 -0.00627748]\n",
      " [-0.00483102  0.0111031  -0.00627208]\n",
      " [-0.00627748 -0.00627208  0.01254956]]\n",
      "104 102 112\n",
      "KGeo1 [[ 0.0115255  -0.0057682  -0.00575729]\n",
      " [-0.0057682   0.01156325 -0.00579504]\n",
      " [-0.00575729 -0.00579504  0.01155234]]\n",
      "108 110 113\n",
      "KGeo1 [[ 0.0117684  -0.00632504 -0.00544336]\n",
      " [-0.00632504  0.01189678 -0.00557174]\n",
      " [-0.00544336 -0.00557174  0.0110151 ]]\n",
      "147 111 148\n",
      "KGeo1 [[ 0.01153602 -0.00575303 -0.00578299]\n",
      " [-0.00575303  0.01153754 -0.00578452]\n",
      " [-0.00578299 -0.00578452  0.01156751]]\n",
      "103 104 105\n",
      "KGeo1 [[ 0.0115549  -0.00582838 -0.00572652]\n",
      " [-0.00582838  0.01159422 -0.00576584]\n",
      " [-0.00572652 -0.00576584  0.01149235]]\n",
      "105 104 121\n",
      "KGeo1 [[ 0.01154772 -0.00577896 -0.00576876]\n",
      " [-0.00577896  0.01155175 -0.00577279]\n",
      " [-0.00576876 -0.00577279  0.01154155]]\n",
      "100 98 111\n",
      "KGeo1 [[ 0.01154315 -0.00576927 -0.00577388]\n",
      " [-0.00576927  0.01154663 -0.00577736]\n",
      " [-0.00577388 -0.00577736  0.01155124]]\n",
      "232 25 237\n",
      "KGeo1 [[ 0.01464763 -0.00797192 -0.00667571]\n",
      " [-0.00797192  0.01116573 -0.00319381]\n",
      " [-0.00667571 -0.00319381  0.00986952]]\n",
      "168 114 169\n",
      "KGeo1 [[ 0.01079752 -0.00519959 -0.00559793]\n",
      " [-0.00519959  0.01176527 -0.00656568]\n",
      " [-0.00559793 -0.00656568  0.01216361]]\n",
      "114 94 178\n",
      "KGeo1 [[ 0.01131338 -0.00588457 -0.00542881]\n",
      " [-0.00588457  0.0118999  -0.00601534]\n",
      " [-0.00542881 -0.00601534  0.01144415]]\n",
      "148 111 149\n",
      "KGeo1 [[ 0.01146497 -0.00575442 -0.00571055]\n",
      " [-0.00575442  0.01161044 -0.00585603]\n",
      " [-0.00571055 -0.00585603  0.01156657]]\n",
      "121 157 158\n",
      "KGeo1 [[ 0.01154395 -0.00607639 -0.00546757]\n",
      " [-0.00607639  0.01186097 -0.00578458]\n",
      " [-0.00546757 -0.00578458  0.01125215]]\n",
      "100 111 147\n",
      "KGeo1 [[ 0.01154643 -0.00577406 -0.00577236]\n",
      " [-0.00577406  0.01154814 -0.00577408]\n",
      " [-0.00577236 -0.00577408  0.01154645]]\n",
      "111 98 167\n",
      "KGeo1 [[ 0.01150998 -0.00575432 -0.00575566]\n",
      " [-0.00575432  0.01156494 -0.00581062]\n",
      " [-0.00575566 -0.00581062  0.01156628]]\n",
      "169 114 178\n",
      "KGeo1 [[ 0.01250782 -0.00682827 -0.00567956]\n",
      " [-0.00682827  0.01172268 -0.00489442]\n",
      " [-0.00567956 -0.00489442  0.01057397]]\n",
      "124 87 131\n",
      "KGeo1 [[ 0.01154338 -0.00599086 -0.00555252]\n",
      " [-0.00599086  0.01177215 -0.00578129]\n",
      " [-0.00555252 -0.00578129  0.01133381]]\n",
      "148 150 151\n",
      "KGeo1 [[ 0.01225076 -0.00670617 -0.00554459]\n",
      " [-0.00670617  0.01183377 -0.0051276 ]\n",
      " [-0.00554459 -0.0051276   0.0106722 ]]\n",
      "119 128 129\n",
      "KGeo1 [[ 0.0105696  -0.00494845 -0.00562115]\n",
      " [-0.00494845  0.01177785 -0.0068294 ]\n",
      " [-0.00562115 -0.0068294   0.01245055]]\n",
      "168 169 170\n",
      "KGeo1 [[ 0.01228083 -0.00643882 -0.00584201]\n",
      " [-0.00643882  0.01151863 -0.00507981]\n",
      " [-0.00584201 -0.00507981  0.01092182]]\n",
      "112 153 155\n",
      "KGeo1 [[ 0.01170948 -0.00604414 -0.00566534]\n",
      " [-0.00604414  0.01165992 -0.00561578]\n",
      " [-0.00566534 -0.00561578  0.01128112]]\n",
      "48 13 75\n",
      "KGeo1 [[ 0.01310811 -0.00704414 -0.00606398]\n",
      " [-0.00704414  0.0114143  -0.00437016]\n",
      " [-0.00606398 -0.00437016  0.01043413]]\n",
      "101 100 102\n",
      "KGeo1 [[ 0.01162047 -0.00581328 -0.00580719]\n",
      " [-0.00581328  0.01151367 -0.00570039]\n",
      " [-0.00580719 -0.00570039  0.01150758]]\n",
      "101 102 103\n",
      "KGeo1 [[ 0.01149569 -0.00579331 -0.00570238]\n",
      " [-0.00579331  0.01161848 -0.00582517]\n",
      " [-0.00570238 -0.00582517  0.01152755]]\n",
      "94 90 127\n",
      "KGeo1 [[ 0.01154386 -0.00577128 -0.00577258]\n",
      " [-0.00577128  0.01154792 -0.00577664]\n",
      " [-0.00577258 -0.00577664  0.01154923]]\n",
      "149 111 167\n",
      "KGeo1 [[ 0.01162253 -0.00582705 -0.00579548]\n",
      " [-0.00582705  0.01152542 -0.00569837]\n",
      " [-0.00579548 -0.00569837  0.01149385]]\n",
      "174 173 176\n",
      "KGeo1 [[ 0.01237755 -0.00620345 -0.0061741 ]\n",
      " [-0.00620345  0.01118822 -0.00498478]\n",
      " [-0.0061741  -0.00498478  0.01115888]]\n",
      "95 94 114\n",
      "KGeo1 [[ 0.01154328 -0.00577977 -0.00576351]\n",
      " [-0.00577977  0.011557   -0.00577724]\n",
      " [-0.00576351 -0.00577724  0.01154075]]\n",
      "119 118 128\n",
      "KGeo1 [[ 0.01037612 -0.00540366 -0.00497246]\n",
      " [-0.00540366  0.01245162 -0.00704796]\n",
      " [-0.00497246 -0.00704796  0.01202042]]\n",
      "127 90 173\n",
      "KGeo1 [[ 0.01152378 -0.00575266 -0.00577112]\n",
      " [-0.00575266  0.01154943 -0.00579677]\n",
      " [-0.00577112 -0.00579677  0.01156789]]\n",
      "34 6 116\n",
      "KGeo1 [[ 0.01293121 -0.00562659 -0.00730461]\n",
      " [-0.00562659  0.01018146 -0.00455486]\n",
      " [-0.00730461 -0.00455486  0.01185948]]\n",
      "94 127 178\n",
      "KGeo1 [[ 0.01119251 -0.00554144 -0.00565107]\n",
      " [-0.00554144  0.01167812 -0.00613668]\n",
      " [-0.00565107 -0.00613668  0.01178776]]\n",
      "127 174 175\n",
      "KGeo1 [[ 0.01108361 -0.00625507 -0.00482854]\n",
      " [-0.00625507  0.0125524  -0.00629733]\n",
      " [-0.00482854 -0.00629733  0.01112587]]\n",
      "91 90 94\n",
      "KGeo1 [[ 0.01154623 -0.00577631 -0.00576992]\n",
      " [-0.00577631  0.01155059 -0.00577428]\n",
      " [-0.00576992 -0.00577428  0.0115442 ]]\n",
      "127 173 174\n",
      "KGeo1 [[ 0.0109648  -0.00616239 -0.00480242]\n",
      " [-0.00616239  0.01258345 -0.00642106]\n",
      " [-0.00480242 -0.00642106  0.01122348]]\n",
      "127 175 178\n",
      "KGeo1 [[ 0.01283605 -0.0048341  -0.00800195]\n",
      " [-0.0048341   0.0096111  -0.004777  ]\n",
      " [-0.00800195 -0.004777    0.01277895]]\n",
      "91 94 95\n",
      "KGeo1 [[ 0.01155351 -0.00578361 -0.00576991]\n",
      " [-0.00578361  0.01155061 -0.005767  ]\n",
      " [-0.00576991 -0.005767    0.01153691]]\n",
      "129 132 145\n",
      "KGeo1 [[ 0.01265456 -0.00727992 -0.00537464]\n",
      " [-0.00727992  0.01209028 -0.00481036]\n",
      " [-0.00537464 -0.00481036  0.010185  ]]\n",
      "7 37 96\n",
      "KGeo1 [[ 0.01154701 -0.0057735  -0.0057735 ]\n",
      " [-0.0057735   0.01154701 -0.0057735 ]\n",
      " [-0.0057735  -0.0057735   0.01154701]]\n",
      "185 197 210\n",
      "KGeo1 [[ 0.01207119 -0.00481838 -0.00725281]\n",
      " [-0.00481838  0.01020751 -0.00538913]\n",
      " [-0.00725281 -0.00538913  0.01264194]]\n",
      "88 87 124\n",
      "KGeo1 [[ 0.01151962 -0.00570849 -0.00581113]\n",
      " [-0.00570849  0.01150966 -0.00580116]\n",
      " [-0.00581113 -0.00580116  0.01161229]]\n",
      "40 9 77\n",
      "KGeo1 [[ 0.01225318 -0.00617242 -0.00608077]\n",
      " [-0.00617242  0.01127044 -0.00509802]\n",
      " [-0.00608077 -0.00509802  0.01117879]]\n",
      "44 11 76\n",
      "KGeo1 [[ 0.01280508 -0.00548917 -0.00731591]\n",
      " [-0.00548917  0.01016245 -0.00467328]\n",
      " [-0.00731591 -0.00467328  0.01198919]]\n",
      "99 98 100\n",
      "KGeo1 [[ 0.01154761 -0.00577814 -0.00576947]\n",
      " [-0.00577814  0.01155104 -0.0057729 ]\n",
      " [-0.00576947 -0.0057729   0.01154237]]\n",
      "99 100 101\n",
      "KGeo1 [[ 0.0114866  -0.00575197 -0.00573463]\n",
      " [-0.00575197  0.01158612 -0.00583415]\n",
      " [-0.00573463 -0.00583415  0.01156878]]\n",
      "129 128 132\n",
      "KGeo1 [[ 0.01154146 -0.0053932  -0.00614826]\n",
      " [-0.0053932   0.0111846  -0.0057914 ]\n",
      " [-0.00614826 -0.0057914   0.01193966]]\n",
      "85 83 115\n",
      "KGeo1 [[ 0.01152323 -0.00580522 -0.005718  ]\n",
      " [-0.00580522  0.01160271 -0.00579748]\n",
      " [-0.005718   -0.00579748  0.01151549]]\n",
      "109 107 120\n",
      "KGeo1 [[ 0.01156325 -0.00584954 -0.00571371]\n",
      " [-0.00584954  0.01160721 -0.00575768]\n",
      " [-0.00571371 -0.00575768  0.01147139]]\n",
      "35 36 72\n",
      "KGeo1 [[ 0.01195147 -0.00711815 -0.00483332]\n",
      " [-0.00711815  0.01260665 -0.0054885 ]\n",
      " [-0.00483332 -0.0054885   0.01032182]]\n",
      "46 12 71\n",
      "KGeo1 [[ 0.01133914 -0.00419243 -0.00714672]\n",
      " [-0.00419243  0.01036908 -0.00617665]\n",
      " [-0.00714672 -0.00617665  0.01332337]]\n",
      "38 8 70\n",
      "KGeo1 [[ 0.01093292 -0.00459629 -0.00633663]\n",
      " [-0.00459629  0.01107901 -0.00648271]\n",
      " [-0.00633663 -0.00648271  0.01281934]]\n",
      "42 10 69\n",
      "KGeo1 [[ 0.01137745 -0.00631412 -0.00506332]\n",
      " [-0.00631412  0.01229346 -0.00597934]\n",
      " [-0.00506332 -0.00597934  0.01104266]]\n",
      "86 87 88\n",
      "KGeo1 [[ 0.01155771 -0.00579362 -0.00576409]\n",
      " [-0.00579362  0.01155645 -0.00576283]\n",
      " [-0.00576409 -0.00576283  0.01152691]]\n",
      "86 85 87\n",
      "KGeo1 [[ 0.01153697 -0.0057879  -0.00574907]\n",
      " [-0.0057879   0.01157148 -0.00578358]\n",
      " [-0.00574907 -0.00578358  0.01153265]]\n",
      "25 26 237\n",
      "KGeo1 [[ 0.0083576  -0.00371209 -0.00464552]\n",
      " [-0.00371209  0.0136139  -0.00990181]\n",
      " [-0.00464552 -0.00990181  0.01454733]]\n",
      "89 90 91\n",
      "KGeo1 [[ 0.01155452 -0.00578589 -0.00576863]\n",
      " [-0.00578589  0.01155189 -0.005766  ]\n",
      " [-0.00576863 -0.005766    0.01153463]]\n",
      "128 118 130\n",
      "KGeo1 [[ 0.01162747 -0.00608353 -0.00554394]\n",
      " [-0.00608353  0.01178324 -0.00569971]\n",
      " [-0.00554394 -0.00569971  0.01124365]]\n",
      "97 95 98\n",
      "KGeo1 [[ 0.0115614  -0.00580303 -0.00575837]\n",
      " [-0.00580303  0.01156219 -0.00575916]\n",
      " [-0.00575837 -0.00575916  0.01151754]]\n",
      "91 95 97\n",
      "KGeo1 [[ 0.01154564 -0.00577809 -0.00576755]\n",
      " [-0.00577809  0.01155296 -0.00577487]\n",
      " [-0.00576755 -0.00577487  0.01154242]]\n",
      "89 88 90\n",
      "KGeo1 [[ 0.01154651 -0.00578673 -0.00575978]\n",
      " [-0.00578673  0.01156075 -0.00577402]\n",
      " [-0.00575978 -0.00577402  0.0115338 ]]\n",
      "165 115 180\n",
      "KGeo1 [[ 0.01165269 -0.00577651 -0.00587619]\n",
      " [-0.00577651  0.01144525 -0.00566875]\n",
      " [-0.00587619 -0.00566875  0.01154493]]\n",
      "81 74 92\n",
      "KGeo1 [[ 0.01156745 -0.00577334 -0.00579411]\n",
      " [-0.00577334  0.01152644 -0.0057531 ]\n",
      " [-0.00579411 -0.0057531   0.0115472 ]]\n",
      "20 57 74\n",
      "KGeo1 [[ 0.01154789 -0.00582291 -0.00572498]\n",
      " [-0.00582291  0.01159573 -0.00577282]\n",
      " [-0.00572498 -0.00577282  0.01149781]]\n",
      "59 21 73\n",
      "KGeo1 [[ 0.0115821  -0.00581032 -0.00577177]\n",
      " [-0.00581032  0.01154885 -0.00573852]\n",
      " [-0.00577177 -0.00573852  0.0115103 ]]\n",
      "89 91 182\n",
