{
 "cells": [
  {
   "cell_type": "code",
   "execution_count": 1,
   "id": "1c05ef00",
   "metadata": {},
   "outputs": [],
   "source": [
    "import numpy as np\n",
    "import mesh\n",
    "import forwardProblem\n",
    "import inverseProblem\n",
    "import matplotlib.pyplot as plt"
   ]
  },
  {
   "cell_type": "markdown",
   "id": "b9bc7e70",
   "metadata": {},
   "source": [
    "# EXEMPLOS BIBLIOTECA EDSON"
   ]
  },
  {
   "cell_type": "markdown",
   "id": "63f1fe93",
   "metadata": {},
   "source": [
    "ToDo:\n",
    "\n",
    "- Implementar elemento 1D ( class LinearLineEdson() ) [elements.py]\n",
    "- Implementar malha 1D ( class PointElectrodes1DMeshEdson() ) [mesh.py]\n",
    "- Rodar exemplos 1D antigos e ver se bate\n",
    "- Implementar problema direto (que deve funcionar com qualquer malha, não interessa se é 1D, 2D, com ou sem eletrodo...) [forward.py]"
   ]
  },
  {
   "cell_type": "markdown",
   "id": "c3ae8919",
   "metadata": {},
   "source": [
    "## Teste Tarefa unidimensional \n",
    "(class PointElectrodes1DMeshEdson())."
   ]
  },
  {
   "cell_type": "code",
   "execution_count": 3,
   "id": "5ee4f1ac",
   "metadata": {},
   "outputs": [
    {
     "name": "stdout",
     "output_type": "stream",
     "text": [
      "NumberOfElectrodes: 5\n",
      "Reading ../../malhasMSH/unidimensional_4e_py.msh.\n",
      "\n",
      "msh_physical_groups found (type line): [1 1 1 2].\n",
      "Physical tags found (type line): [1 2].\n",
      "MSH file with 4 elements and 5 nodes.\n",
      "GndNode: 0\n",
      "first five coordinates: [[0.   0.   0.  ]\n",
      " [0.24 0.   0.  ]\n",
      " [0.49 0.   0.  ]\n",
      " [0.74 0.   0.  ]\n",
      " [1.   0.   0.  ]]\n",
      "Altura1D: 0.02\n",
      "CHAVES recebidas em dic: [1, 2]\n",
      "Vetor de corrente: \n",
      " [-0.001  0.     0.     0.     0.001]\n",
      " Tensões medidas em todos os nós \n",
      " [0.    0.048 0.098 0.148 0.174])\n",
      " Tensões no eletrodos \n",
      " [0.    0.048 0.098 0.148 0.174])\n",
      "Vmedido \n",
      " (5,)\n",
      "1 2\n",
      "2 3\n",
      "3 4\n",
      "4 5\n",
      "Y_jacobiano \n",
      " [[ 0.08333333 -0.08333333  0.          0.          0.        ]\n",
      " [-0.08333333  0.16333333 -0.08        0.          0.        ]\n",
      " [ 0.         -0.08        0.16       -0.08        0.        ]\n",
      " [ 0.          0.         -0.08        0.15692308 -0.07692308]\n",
      " [ 0.          0.          0.         -0.07692308  0.07692308]]\n",
      "KJacobian \n",
      " [[ 1.          0.          0.          0.          0.        ]\n",
      " [ 0.          0.16333333 -0.08        0.          0.        ]\n",
      " [ 0.         -0.08        0.16       -0.08        0.        ]\n",
      " [ 0.          0.         -0.08        0.15692308 -0.07692308]\n",
      " [ 0.          0.          0.         -0.07692308  0.07692308]]\n",
      "Y_local \n",
      " [[ 0.08333333 -0.08333333]\n",
      " [-0.08333333  0.08333333]]\n",
      "Y_local \n",
      " [[ 0.08 -0.08]\n",
      " [-0.08  0.08]]\n",
      "Y_local \n",
      " [[ 0.08 -0.08]\n",
      " [-0.08  0.08]]\n",
      "Y_local \n",
      " [[ 0.07692308 -0.07692308]\n",
      " [-0.07692308  0.07692308]]\n",
      "self.Y_Vcalc \n",
      " [[ 0.08333333 -0.08333333  0.          0.          0.        ]\n",
      " [-0.08333333  0.16333333 -0.08        0.          0.        ]\n",
      " [ 0.         -0.08        0.16       -0.08        0.        ]\n",
      " [ 0.          0.         -0.08        0.15692308 -0.07692308]\n",
      " [ 0.          0.          0.         -0.07692308  0.07692308]]\n",
      "KVcalc \n",
      " [[ 1.          0.          0.          0.          0.        ]\n",
      " [ 0.          0.16333333 -0.08        0.          0.        ]\n",
      " [ 0.         -0.08        0.16       -0.08        0.        ]\n",
      " [ 0.          0.         -0.08        0.15692308 -0.07692308]\n",
      " [ 0.          0.          0.         -0.07692308  0.07692308]]\n",
      "V_calc_noh \n",
      " [0.     0.012  0.0245 0.037  0.05  ]\n",
      "residue \n",
      " [0.     0.036  0.0735 0.111  0.124 ]\n",
      "inv_KJacobian \n",
      " [[ 1.   0.   0.   0.   0. ]\n",
      " [ 0.  12.  12.  12.  12. ]\n",
      " [ 0.  12.  24.5 24.5 24.5]\n",
      " [ 0.  12.  24.5 37.  37. ]\n",
      " [ 0.  12.  24.5 37.  50. ]]\n",
      "Jacobian [[-0.00108333  0.          0.          0.        ]\n",
      " [ 0.013       0.          0.          0.        ]\n",
      " [ 0.013       0.0125      0.          0.        ]\n",
      " [ 0.013       0.0125      0.0125      0.        ]\n",
      " [ 0.013       0.0125      0.0125      0.013     ]]\n",
      "centroids_1D [0.12  0.365 0.615 0.87 ]\n",
      "centroids_1D [0.12  0.365 0.615 0.87 ]\n",
      "L2 [[0. 0. 0. 0.]\n",
      " [0. 0. 0. 0.]\n",
      " [0. 0. 0. 0.]\n",
      " [0. 0. 0. 0.]]\n",
      "delta_sig \n",
      " [-0.02750133 -0.03019862 -0.03       -0.01      ]\n",
      "Y_local \n",
      " [[ 0.08104156 -0.08104156]\n",
      " [-0.08104156  0.08104156]]\n",
      "Y_local \n",
      " [[ 0.07758411 -0.07758411]\n",
      " [-0.07758411  0.07758411]]\n",
      "Y_local \n",
      " [[ 0.0776 -0.0776]\n",
      " [-0.0776  0.0776]]\n",
      "Y_local \n",
      " [[ 0.07615385 -0.07615385]\n",
      " [-0.07615385  0.07615385]]\n",
      "self.Y_Vcalc \n",
      " [[ 0.08104156 -0.08104156  0.          0.          0.        ]\n",
      " [-0.08104156  0.15862567 -0.07758411  0.          0.        ]\n",
      " [ 0.         -0.07758411  0.15518411 -0.0776      0.        ]\n",
      " [ 0.          0.         -0.0776      0.15375385 -0.07615385]\n",
      " [ 0.          0.          0.         -0.07615385  0.07615385]]\n",
      "KVcalc \n",
      " [[ 1.          0.          0.          0.          0.        ]\n",
      " [ 0.          0.15862567 -0.07758411  0.          0.        ]\n",
      " [ 0.         -0.07758411  0.15518411 -0.0776      0.        ]\n",
      " [ 0.          0.         -0.0776      0.15375385 -0.07615385]\n",
      " [ 0.          0.          0.         -0.07615385  0.07615385]]\n",
      "V_calc_noh \n",
      " [0.         0.01233935 0.02522859 0.03811518 0.0512465 ]\n",
      "residue \n",
      " [0.         0.03566065 0.07277141 0.10988482 0.1227535 ]\n",
      "inv_KJacobian \n",
      " [[ 1.   0.   0.   0.   0. ]\n",
      " [ 0.  12.  12.  12.  12. ]\n",
      " [ 0.  12.  24.5 24.5 24.5]\n",
      " [ 0.  12.  24.5 37.  37. ]\n",
      " [ 0.  12.  24.5 37.  50. ]]\n",
      "Jacobian [[-0.00108333  0.          0.          0.        ]\n",
      " [ 0.013       0.          0.          0.        ]\n",
      " [ 0.013       0.0125      0.          0.        ]\n",
      " [ 0.013       0.0125      0.0125      0.        ]\n",
      " [ 0.013       0.0125      0.0125      0.013     ]]\n",
      "centroids_1D [0.12  0.365 0.615 0.87 ]\n",
      "centroids_1D [0.12  0.365 0.615 0.87 ]\n",
      "L2 [[0. 0. 0. 0.]\n",
      " [0. 0. 0. 0.]\n",
      " [0. 0. 0. 0.]\n",
      " [0. 0. 0. 0.]]\n",
      "delta_sig \n",
      " [-0.02724209 -0.02988536 -0.02969072 -0.00989899]\n",
      "Y_local \n",
      " [[ 0.07877138 -0.07877138]\n",
      " [-0.07877138  0.07877138]]\n",
      "Y_local \n",
      " [[ 0.07519328 -0.07519328]\n",
      " [-0.07519328  0.07519328]]\n",
      "Y_local \n",
      " [[ 0.07522474 -0.07522474]\n",
      " [-0.07522474  0.07522474]]\n",
      "Y_local \n",
      " [[ 0.07539239 -0.07539239]\n",
      " [-0.07539239  0.07539239]]\n",
      "self.Y_Vcalc \n",
      " [[ 0.07877138 -0.07877138  0.          0.          0.        ]\n",
      " [-0.07877138  0.15396466 -0.07519328  0.          0.        ]\n",
      " [ 0.         -0.07519328  0.15041802 -0.07522474  0.        ]\n",
      " [ 0.          0.         -0.07522474  0.15061713 -0.07539239]\n",
      " [ 0.          0.          0.         -0.07539239  0.07539239]]\n",
      "KVcalc \n",
      " [[ 1.          0.          0.          0.          0.        ]\n",
      " [ 0.          0.15396466 -0.07519328  0.          0.        ]\n",
      " [ 0.         -0.07519328  0.15041802 -0.07522474  0.        ]\n",
      " [ 0.          0.         -0.07522474  0.15061713 -0.07539239]\n",
      " [ 0.          0.          0.         -0.07539239  0.07539239]]\n",
      "V_calc_noh \n",
      " [0.         0.01269497 0.02599403 0.03928752 0.05255146]\n",
      "residue \n",
      " [0.         0.03530503 0.07200597 0.10871248 0.12144854]\n",
      "inv_KJacobian \n",
      " [[ 1.   0.   0.   0.   0. ]\n",
      " [ 0.  12.  12.  12.  12. ]\n",
      " [ 0.  12.  24.5 24.5 24.5]\n",
      " [ 0.  12.  24.5 37.  37. ]\n",
      " [ 0.  12.  24.5 37.  50. ]]\n",
      "Jacobian [[-0.00108333  0.          0.          0.        ]\n",
      " [ 0.013       0.          0.          0.        ]\n",
      " [ 0.013       0.0125      0.          0.        ]\n",
      " [ 0.013       0.0125      0.0125      0.        ]\n",
      " [ 0.013       0.0125      0.0125      0.013     ]]\n",
      "centroids_1D [0.12  0.365 0.615 0.87 ]\n",
      "centroids_1D [0.12  0.365 0.615 0.87 ]\n",
      "L2 [[0. 0. 0. 0.]\n",
      " [0. 0. 0. 0.]\n",
      " [0. 0. 0. 0.]\n",
      " [0. 0. 0. 0.]]\n",
      "delta_sig \n",
      " [-0.02697042 -0.02955554 -0.0293652  -0.00979697]\n",
      "Y_local \n",
      " [[ 0.07652385 -0.07652385]\n",
      " [-0.07652385  0.07652385]]\n",
      "Y_local \n",
      " [[ 0.07282884 -0.07282884]\n",
      " [-0.07282884  0.07282884]]\n",
      "Y_local \n",
      " [[ 0.07287553 -0.07287553]\n",
      " [-0.07287553  0.07287553]]\n",
      "Y_local \n",
      " [[ 0.07463877 -0.07463877]\n",
      " [-0.07463877  0.07463877]]\n",
      "self.Y_Vcalc \n",
      " [[ 0.07652385 -0.07652385  0.          0.          0.        ]\n",
      " [-0.07652385  0.14935269 -0.07282884  0.          0.        ]\n",
      " [ 0.         -0.07282884  0.14570436 -0.07287553  0.        ]\n",
      " [ 0.          0.         -0.07287553  0.1475143  -0.07463877]\n",
      " [ 0.          0.          0.         -0.07463877  0.07463877]]\n",
      "KVcalc \n",
      " [[ 1.          0.          0.          0.          0.        ]\n",
      " [ 0.          0.14935269 -0.07282884  0.          0.        ]\n",
      " [ 0.         -0.07282884  0.14570436 -0.07287553  0.        ]\n",
      " [ 0.          0.         -0.07287553  0.1475143  -0.07463877]\n",
      " [ 0.          0.          0.         -0.07463877  0.07463877]]\n",
      "V_calc_noh \n",
      " [0.         0.01306782 0.02679865 0.04052067 0.05391854]\n",
      "residue \n",
      " [0.         0.03493218 0.07120135 0.10747933 0.12008146]\n",
      "inv_KJacobian \n",
      " [[ 1.   0.   0.   0.   0. ]\n",
      " [ 0.  12.  12.  12.  12. ]\n",
      " [ 0.  12.  24.5 24.5 24.5]\n",
      " [ 0.  12.  24.5 37.  37. ]\n",
      " [ 0.  12.  24.5 37.  50. ]]\n",
      "Jacobian [[-0.00108333  0.          0.          0.        ]\n",
      " [ 0.013       0.          0.          0.        ]\n",
      " [ 0.013       0.0125      0.          0.        ]\n",
      " [ 0.013       0.0125      0.0125      0.        ]\n",
      " [ 0.013       0.0125      0.0125      0.013     ]]\n",
      "centroids_1D [0.12  0.365 0.615 0.87 ]\n",
      "centroids_1D [0.12  0.365 0.615 0.87 ]\n",
      "L2 [[0. 0. 0. 0.]\n",
      " [0. 0. 0. 0.]\n",
      " [0. 0. 0. 0.]\n",
      " [0. 0. 0. 0.]]\n",
      "delta_sig \n",
      " [-0.02668559 -0.02920807 -0.02902238 -0.00969395]\n",
      "Y_local \n",
      " [[ 0.07430005 -0.07430005]\n",
      " [-0.07430005  0.07430005]]\n",
      "Y_local \n",
      " [[ 0.07049219 -0.07049219]\n",
      " [-0.07049219  0.07049219]]\n",
      "Y_local \n",
      " [[ 0.07055374 -0.07055374]\n",
      " [-0.07055374  0.07055374]]\n",
      "Y_local \n",
      " [[ 0.07389308 -0.07389308]\n",
      " [-0.07389308  0.07389308]]\n",
      "self.Y_Vcalc \n",
      " [[ 0.07430005 -0.07430005  0.          0.          0.        ]\n",
      " [-0.07430005  0.14479224 -0.07049219  0.          0.        ]\n",
      " [ 0.         -0.07049219  0.14104593 -0.07055374  0.        ]\n",
      " [ 0.          0.         -0.07055374  0.14444682 -0.07389308]\n",
      " [ 0.          0.          0.         -0.07389308  0.07389308]]\n",
      "KVcalc \n",
      " [[ 1.          0.          0.          0.          0.        ]\n",
      " [ 0.          0.14479224 -0.07049219  0.          0.        ]\n",
      " [ 0.         -0.07049219  0.14104593 -0.07055374  0.        ]\n",
      " [ 0.          0.         -0.07055374  0.14444682 -0.07389308]\n",
      " [ 0.          0.          0.         -0.07389308  0.07389308]]\n",
      "V_calc_noh \n",
      " [0.         0.01345894 0.02764491 0.0418185  0.05535157]\n",
      "residue \n",
      " [0.         0.03454106 0.07035509 0.1061815  0.11864843]\n",
      "inv_KJacobian \n",
      " [[ 1.   0.   0.   0.   0. ]\n",
      " [ 0.  12.  12.  12.  12. ]\n",
      " [ 0.  12.  24.5 24.5 24.5]\n",
      " [ 0.  12.  24.5 37.  37. ]\n",
      " [ 0.  12.  24.5 37.  50. ]]\n",
      "Jacobian [[-0.00108333  0.          0.          0.        ]\n",
      " [ 0.013       0.          0.          0.        ]\n",
      " [ 0.013       0.0125      0.          0.        ]\n",
      " [ 0.013       0.0125      0.0125      0.        ]\n",
      " [ 0.013       0.0125      0.0125      0.013     ]]\n",
      "centroids_1D [0.12  0.365 0.615 0.87 ]\n",
      "centroids_1D [0.12  0.365 0.615 0.87 ]\n",
      "L2 [[0. 0. 0. 0.]\n",
      " [0. 0. 0. 0.]\n",
      " [0. 0. 0. 0.]\n",
      " [0. 0. 0. 0.]]\n",
      "delta_sig \n",
      " [-0.0263868  -0.0288418  -0.02866112 -0.00958995]\n",
      "Y_local \n",
      " [[ 0.07210115 -0.07210115]\n",
      " [-0.07210115  0.07210115]]\n",
      "Y_local \n",
      " [[ 0.06818485 -0.06818485]\n",
      " [-0.06818485  0.06818485]]\n",
      "Y_local \n",
      " [[ 0.06826085 -0.06826085]\n",
      " [-0.06826085  0.06826085]]\n",
      "Y_local \n",
      " [[ 0.0731554 -0.0731554]\n",
      " [-0.0731554  0.0731554]]\n",
      "self.Y_Vcalc \n",
      " [[ 0.07210115 -0.07210115  0.          0.          0.        ]\n",
      " [-0.07210115  0.140286   -0.06818485  0.          0.        ]\n",
      " [ 0.         -0.06818485  0.1364457  -0.06826085  0.        ]\n",
      " [ 0.          0.         -0.06826085  0.14141624 -0.0731554 ]\n",
      " [ 0.          0.          0.         -0.0731554   0.0731554 ]]\n",
      "KVcalc \n",
      " [[ 1.          0.          0.          0.          0.        ]\n",
      " [ 0.          0.140286   -0.06818485  0.          0.        ]\n",
      " [ 0.         -0.06818485  0.1364457  -0.06826085  0.        ]\n",
      " [ 0.          0.         -0.06826085  0.14141624 -0.0731554 ]\n",
      " [ 0.          0.          0.         -0.0731554   0.0731554 ]]\n",
      "V_calc_noh \n",
      " [0.         0.0138694  0.02853542 0.04318511 0.05685464]\n",
      "residue \n",
      " [0.         0.0341306  0.06946458 0.10481489 0.11714536]\n",
      "inv_KJacobian \n",
      " [[ 1.   0.   0.   0.   0. ]\n",
      " [ 0.  12.  12.  12.  12. ]\n",
      " [ 0.  12.  24.5 24.5 24.5]\n",
      " [ 0.  12.  24.5 37.  37. ]\n",
      " [ 0.  12.  24.5 37.  50. ]]\n",
      "Jacobian [[-0.00108333  0.          0.          0.        ]\n",
      " [ 0.013       0.          0.          0.        ]\n",
      " [ 0.013       0.0125      0.          0.        ]\n",
      " [ 0.013       0.0125      0.0125      0.        ]\n",
      " [ 0.013       0.0125      0.0125      0.013     ]]\n",
      "centroids_1D [0.12  0.365 0.615 0.87 ]\n",
      "centroids_1D [0.12  0.365 0.615 0.87 ]\n",
      "L2 [[0. 0. 0. 0.]\n",
      " [0. 0. 0. 0.]\n",
      " [0. 0. 0. 0.]\n",
      " [0. 0. 0. 0.]]\n",
      "delta_sig \n",
      " [-0.02607324 -0.02845549 -0.02828025 -0.00948498]\n",
      "Y_local \n",
      " [[ 0.06992838 -0.06992838]\n",
      " [-0.06992838  0.06992838]]\n",
      "Y_local \n",
      " [[ 0.06590841 -0.06590841]\n",
      " [-0.06590841  0.06590841]]\n",
      "Y_local \n",
      " [[ 0.06599843 -0.06599843]\n",
      " [-0.06599843  0.06599843]]\n",
      "Y_local \n",
      " [[ 0.07242578 -0.07242578]\n",
      " [-0.07242578  0.07242578]]\n",
      "self.Y_Vcalc \n",
      " [[ 0.06992838 -0.06992838  0.          0.          0.        ]\n",
      " [-0.06992838  0.13583679 -0.06590841  0.          0.        ]\n",
      " [ 0.         -0.06590841  0.13190684 -0.06599843  0.        ]\n",
      " [ 0.          0.         -0.06599843  0.13842421 -0.07242578]\n",
      " [ 0.          0.          0.         -0.07242578  0.07242578]]\n",
      "KVcalc \n",
      " [[ 1.          0.          0.          0.          0.        ]\n",
      " [ 0.          0.13583679 -0.06590841  0.          0.        ]\n",
      " [ 0.         -0.06590841  0.13190684 -0.06599843  0.        ]\n",
      " [ 0.          0.         -0.06599843  0.13842421 -0.07242578]\n",
      " [ 0.          0.          0.         -0.07242578  0.07242578]]\n",
      "V_calc_noh \n",
      " [0.         0.01430035 0.02947292 0.04462479 0.05843203]\n",
      "residue \n",
      " [0.         0.03369965 0.06852708 0.10337521 0.11556797]\n",
      "inv_KJacobian \n",
      " [[ 1.   0.   0.   0.   0. ]\n",
      " [ 0.  12.  12.  12.  12. ]\n",
      " [ 0.  12.  24.5 24.5 24.5]\n",
      " [ 0.  12.  24.5 37.  37. ]\n",
      " [ 0.  12.  24.5 37.  50. ]]\n",
      "Jacobian [[-0.00108333  0.          0.          0.        ]\n",
      " [ 0.013       0.          0.          0.        ]\n",
      " [ 0.013       0.0125      0.          0.        ]\n",
      " [ 0.013       0.0125      0.0125      0.        ]\n",
      " [ 0.013       0.0125      0.0125      0.013     ]]\n",
      "centroids_1D [0.12  0.365 0.615 0.87 ]\n",
      "centroids_1D [0.12  0.365 0.615 0.87 ]\n",
      "L2 [[0. 0. 0. 0.]\n",
      " [0. 0. 0. 0.]\n",
      " [0. 0. 0. 0.]\n",
      " [0. 0. 0. 0.]]\n",
      "delta_sig \n",
      " [-0.02574403 -0.02804787 -0.0278785  -0.00937905]\n",
      "Y_local \n",
      " [[ 0.06778304 -0.06778304]\n",
      " [-0.06778304  0.06778304]]\n",
      "Y_local \n",
      " [[ 0.06366458 -0.06366458]\n",
      " [-0.06366458  0.06366458]]\n",
      "Y_local \n",
      " [[ 0.06376815 -0.06376815]\n",
      " [-0.06376815  0.06376815]]\n",
      "Y_local \n",
      " [[ 0.07170432 -0.07170432]\n",
      " [-0.07170432  0.07170432]]\n",
      "self.Y_Vcalc \n",
      " [[ 0.06778304 -0.06778304  0.          0.          0.        ]\n",
      " [-0.06778304  0.13144762 -0.06366458  0.          0.        ]\n",
      " [ 0.         -0.06366458  0.12743273 -0.06376815  0.        ]\n",
      " [ 0.          0.         -0.06376815  0.13547246 -0.07170432]\n",
      " [ 0.          0.          0.         -0.07170432  0.07170432]]\n",
      "KVcalc \n",
      " [[ 1.          0.          0.          0.          0.        ]\n",
      " [ 0.          0.13144762 -0.06366458  0.          0.        ]\n",
      " [ 0.         -0.06366458  0.12743273 -0.06376815  0.        ]\n",
      " [ 0.          0.         -0.06376815  0.13547246 -0.07170432]\n",
      " [ 0.          0.          0.         -0.07170432  0.07170432]]\n",
      "V_calc_noh \n",
      " [0.         0.01475295 0.03046027 0.04614208 0.06008825]\n",
      "residue \n",
      " [0.         0.03324705 0.06753973 0.10185792 0.11391175]\n",
      "inv_KJacobian \n",
      " [[ 1.   0.   0.   0.   0. ]\n",
      " [ 0.  12.  12.  12.  12. ]\n",
      " [ 0.  12.  24.5 24.5 24.5]\n",
      " [ 0.  12.  24.5 37.  37. ]\n",
      " [ 0.  12.  24.5 37.  50. ]]\n",
      "Jacobian [[-0.00108333  0.          0.          0.        ]\n",
      " [ 0.013       0.          0.          0.        ]\n",
      " [ 0.013       0.0125      0.          0.        ]\n",
      " [ 0.013       0.0125      0.0125      0.        ]\n",
      " [ 0.013       0.0125      0.0125      0.013     ]]\n",
      "centroids_1D [0.12  0.365 0.615 0.87 ]\n",
      "centroids_1D [0.12  0.365 0.615 0.87 ]\n",
      "L2 [[0. 0. 0. 0.]\n",
      " [0. 0. 0. 0.]\n",
      " [0. 0. 0. 0.]\n",
      " [0. 0. 0. 0.]]\n",
      "delta_sig \n",
      " [-0.02539827 -0.02761758 -0.02745455 -0.00927218]\n",
      "Y_local \n",
      " [[ 0.06566652 -0.06566652]\n",
      " [-0.06566652  0.06566652]]\n",
      "Y_local \n",
      " [[ 0.06145517 -0.06145517]\n",
      " [-0.06145517  0.06145517]]\n",
      "Y_local \n",
      " [[ 0.06157178 -0.06157178]\n",
      " [-0.06157178  0.06157178]]\n",
      "Y_local \n",
      " [[ 0.07099107 -0.07099107]\n",
      " [-0.07099107  0.07099107]]\n",
      "self.Y_Vcalc \n",
      " [[ 0.06566652 -0.06566652  0.          0.          0.        ]\n",
      " [-0.06566652  0.12712169 -0.06145517  0.          0.        ]\n",
      " [ 0.         -0.06145517  0.12302696 -0.06157178  0.        ]\n",
      " [ 0.          0.         -0.06157178  0.13256285 -0.07099107]\n",
      " [ 0.          0.          0.         -0.07099107  0.07099107]]\n",
      "KVcalc \n",
      " [[ 1.          0.          0.          0.          0.        ]\n",
      " [ 0.          0.12712169 -0.06145517  0.          0.        ]\n",
      " [ 0.         -0.06145517  0.12302696 -0.06157178  0.        ]\n",
      " [ 0.          0.         -0.06157178  0.13256285 -0.07099107]\n",
      " [ 0.          0.          0.         -0.07099107  0.07099107]]\n",
      "V_calc_noh \n",
      " [0.         0.01522846 0.03150048 0.04774169 0.06182797]\n",
      "residue \n",
      " [0.         0.03277154 0.06649952 0.10025831 0.11217203]\n",
      "inv_KJacobian \n",
      " [[ 1.   0.   0.   0.   0. ]\n",
      " [ 0.  12.  12.  12.  12. ]\n",
      " [ 0.  12.  24.5 24.5 24.5]\n",
      " [ 0.  12.  24.5 37.  37. ]\n",
      " [ 0.  12.  24.5 37.  50. ]]\n",
      "Jacobian [[-0.00108333  0.          0.          0.        ]\n",
      " [ 0.013       0.          0.          0.        ]\n",
      " [ 0.013       0.0125      0.          0.        ]\n",
      " [ 0.013       0.0125      0.0125      0.        ]\n",
      " [ 0.013       0.0125      0.0125      0.013     ]]\n",
      "centroids_1D [0.12  0.365 0.615 0.87 ]\n",
      "centroids_1D [0.12  0.365 0.615 0.87 ]\n",
      "L2 [[0. 0. 0. 0.]\n",
      " [0. 0. 0. 0.]\n",
      " [0. 0. 0. 0.]\n",
      " [0. 0. 0. 0.]]\n",
      "delta_sig \n",
      " [-0.02503502 -0.02716319 -0.02700704 -0.0091644 ]\n",
      "Y_local \n",
      " [[ 0.06358027 -0.06358027]\n",
      " [-0.06358027  0.06358027]]\n",
      "Y_local \n",
      " [[ 0.05928212 -0.05928212]\n",
      " [-0.05928212  0.05928212]]\n",
      "Y_local \n",
      " [[ 0.05941122 -0.05941122]\n",
      " [-0.05941122  0.05941122]]\n",
      "Y_local \n",
      " [[ 0.07028612 -0.07028612]\n",
      " [-0.07028612  0.07028612]]\n",
      "self.Y_Vcalc \n",
      " [[ 0.06358027 -0.06358027  0.          0.          0.        ]\n",
      " [-0.06358027  0.12286239 -0.05928212  0.          0.        ]\n",
      " [ 0.         -0.05928212  0.11869334 -0.05941122  0.        ]\n",
      " [ 0.          0.         -0.05941122  0.12969734 -0.07028612]\n",
      " [ 0.          0.          0.         -0.07028612  0.07028612]]\n",
      "KVcalc \n",
      " [[ 1.          0.          0.          0.          0.        ]\n",
      " [ 0.          0.12286239 -0.05928212  0.          0.        ]\n",
      " [ 0.         -0.05928212  0.11869334 -0.05941122  0.        ]\n",
      " [ 0.          0.         -0.05941122  0.12969734 -0.07028612]\n",
      " [ 0.          0.          0.         -0.07028612  0.07028612]]\n",
      "V_calc_noh \n",
      " [0.         0.01572815 0.03259664 0.04942848 0.06365604]\n",
      "residue \n",
      " [0.         0.03227185 0.06540336 0.09857152 0.11034396]\n",
      "inv_KJacobian \n",
      " [[ 1.   0.   0.   0.   0. ]\n",
      " [ 0.  12.  12.  12.  12. ]\n",
      " [ 0.  12.  24.5 24.5 24.5]\n",
      " [ 0.  12.  24.5 37.  37. ]\n",
      " [ 0.  12.  24.5 37.  50. ]]\n",
      "Jacobian [[-0.00108333  0.          0.          0.        ]\n",
      " [ 0.013       0.          0.          0.        ]\n",
      " [ 0.013       0.0125      0.          0.        ]\n",
      " [ 0.013       0.0125      0.0125      0.        ]\n",
      " [ 0.013       0.0125      0.0125      0.013     ]]\n",
      "centroids_1D [0.12  0.365 0.615 0.87 ]\n",
      "centroids_1D [0.12  0.365 0.615 0.87 ]\n",
      "L2 [[0. 0. 0. 0.]\n",
      " [0. 0. 0. 0.]\n",
      " [0. 0. 0. 0.]\n",
      " [0. 0. 0. 0.]]\n",
      "delta_sig \n",
      " [-0.0246533  -0.02668326 -0.02653453 -0.00905572]\n",
      "Y_local \n",
      " [[ 0.06152583 -0.06152583]\n",
      " [-0.06152583  0.06152583]]\n",
      "Y_local \n",
      " [[ 0.05714746 -0.05714746]\n",
      " [-0.05714746  0.05714746]]\n",
      "Y_local \n",
      " [[ 0.05728846 -0.05728846]\n",
      " [-0.05728846  0.05728846]]\n",
      "Y_local \n",
      " [[ 0.06958952 -0.06958952]\n",
      " [-0.06958952  0.06958952]]\n",
      "self.Y_Vcalc \n",
      " [[ 0.06152583 -0.06152583  0.          0.          0.        ]\n",
      " [-0.06152583  0.11867328 -0.05714746  0.          0.        ]\n",
      " [ 0.         -0.05714746  0.11443591 -0.05728846  0.        ]\n",
      " [ 0.          0.         -0.05728846  0.12687798 -0.06958952]\n",
      " [ 0.          0.          0.         -0.06958952  0.06958952]]\n",
      "KVcalc \n",
      " [[ 1.          0.          0.          0.          0.        ]\n",
      " [ 0.          0.11867328 -0.05714746  0.          0.        ]\n",
      " [ 0.         -0.05714746  0.11443591 -0.05728846  0.        ]\n",
      " [ 0.          0.         -0.05728846  0.12687798 -0.06958952]\n",
      " [ 0.          0.          0.         -0.06958952  0.06958952]]\n",
      "V_calc_noh \n",
      " [0.         0.01625334 0.03375193 0.05120745 0.06557743]\n",
      "residue \n",
      " [0.         0.03174666 0.06424807 0.09679255 0.10842257]\n",
      "inv_KJacobian \n",
      " [[ 1.   0.   0.   0.   0. ]\n",
      " [ 0.  12.  12.  12.  12. ]\n",
      " [ 0.  12.  24.5 24.5 24.5]\n",
      " [ 0.  12.  24.5 37.  37. ]\n",
      " [ 0.  12.  24.5 37.  50. ]]\n",
      "Jacobian [[-0.00108333  0.          0.          0.        ]\n",
      " [ 0.013       0.          0.          0.        ]\n",
      " [ 0.013       0.0125      0.          0.        ]\n",
      " [ 0.013       0.0125      0.0125      0.        ]\n",
      " [ 0.013       0.0125      0.0125      0.013     ]]\n",
      "centroids_1D [0.12  0.365 0.615 0.87 ]\n",
      "centroids_1D [0.12  0.365 0.615 0.87 ]\n",
      "L2 [[0. 0. 0. 0.]\n",
      " [0. 0. 0. 0.]\n",
      " [0. 0. 0. 0.]\n",
      " [0. 0. 0. 0.]]\n",
      "delta_sig \n",
      " [-0.02425209 -0.02617628 -0.02603558 -0.00894617]\n",
      "Y_local \n",
      " [[ 0.05950482 -0.05950482]\n",
      " [-0.05950482  0.05950482]]\n",
      "Y_local \n",
      " [[ 0.05505336 -0.05505336]\n",
      " [-0.05505336  0.05505336]]\n",
      "Y_local \n",
      " [[ 0.05520561 -0.05520561]\n",
      " [-0.05520561  0.05520561]]\n",
      "Y_local \n",
      " [[ 0.06890136 -0.06890136]\n",
      " [-0.06890136  0.06890136]]\n",
      "self.Y_Vcalc \n",
      " [[ 0.05950482 -0.05950482  0.          0.          0.        ]\n",
      " [-0.05950482  0.11455817 -0.05505336  0.          0.        ]\n",
      " [ 0.         -0.05505336  0.11025897 -0.05520561  0.        ]\n",
      " [ 0.          0.         -0.05520561  0.12410697 -0.06890136]\n",
      " [ 0.          0.          0.         -0.06890136  0.06890136]]\n",
      "KVcalc \n",
      " [[ 1.          0.          0.          0.          0.        ]\n",
      " [ 0.          0.11455817 -0.05505336  0.          0.        ]\n",
      " [ 0.         -0.05505336  0.11025897 -0.05520561  0.        ]\n",
      " [ 0.          0.         -0.05520561  0.12410697 -0.06890136]\n",
      " [ 0.          0.          0.         -0.06890136  0.06890136]]\n",
      "V_calc_noh \n",
      " [0.         0.01680536 0.03496956 0.05308366 0.06759716]\n",
      "residue \n",
      " [0.         0.03119464 0.06303044 0.09491634 0.10640284]\n",
      "inv_KJacobian \n",
      " [[ 1.   0.   0.   0.   0. ]\n",
      " [ 0.  12.  12.  12.  12. ]\n",
      " [ 0.  12.  24.5 24.5 24.5]\n",
      " [ 0.  12.  24.5 37.  37. ]\n",
      " [ 0.  12.  24.5 37.  50. ]]\n",
      "Jacobian [[-0.00108333  0.          0.          0.        ]\n",
      " [ 0.013       0.          0.          0.        ]\n",
      " [ 0.013       0.0125      0.          0.        ]\n",
      " [ 0.013       0.0125      0.0125      0.        ]\n",
      " [ 0.013       0.0125      0.0125      0.013     ]]\n",
      "centroids_1D [0.12  0.365 0.615 0.87 ]\n",
      "centroids_1D [0.12  0.365 0.615 0.87 ]\n",
      "L2 [[0. 0. 0. 0.]\n",
      " [0. 0. 0. 0.]\n",
      " [0. 0. 0. 0.]\n",
      " [0. 0. 0. 0.]]\n",
      "delta_sig \n",
      " [-0.02383039 -0.02564075 -0.02550872 -0.00883577]\n",
      "Y_local \n",
      " [[ 0.05751895 -0.05751895]\n",
      " [-0.05751895  0.05751895]]\n",
      "Y_local \n",
      " [[ 0.0530021 -0.0530021]\n",
      " [-0.0530021  0.0530021]]\n",
      "Y_local \n",
      " [[ 0.05316491 -0.05316491]\n",
      " [-0.05316491  0.05316491]]\n",
      "Y_local \n",
      " [[ 0.06822168 -0.06822168]\n",
      " [-0.06822168  0.06822168]]\n",
      "self.Y_Vcalc \n",
      " [[ 0.05751895 -0.05751895  0.          0.          0.        ]\n",
      " [-0.05751895  0.11052105 -0.0530021   0.          0.        ]\n",
      " [ 0.         -0.0530021   0.10616701 -0.05316491  0.        ]\n",
      " [ 0.          0.         -0.05316491  0.1213866  -0.06822168]\n",
      " [ 0.          0.          0.         -0.06822168  0.06822168]]\n",
      "KVcalc \n",
      " [[ 1.          0.          0.          0.          0.        ]\n",
      " [ 0.          0.11052105 -0.0530021   0.          0.        ]\n",
      " [ 0.         -0.0530021   0.10616701 -0.05316491  0.        ]\n",
      " [ 0.          0.         -0.05316491  0.1213866  -0.06822168]\n",
      " [ 0.          0.          0.         -0.06822168  0.06822168]]\n",
      "V_calc_noh \n",
      " [0.         0.01738557 0.03625275 0.05506215 0.06972025]\n",
      "residue \n",
      " [0.         0.03061443 0.06174725 0.09293785 0.10427975]\n",
      "inv_KJacobian \n",
      " [[ 1.   0.   0.   0.   0. ]\n",
      " [ 0.  12.  12.  12.  12. ]\n",
      " [ 0.  12.  24.5 24.5 24.5]\n",
      " [ 0.  12.  24.5 37.  37. ]\n",
      " [ 0.  12.  24.5 37.  50. ]]\n",
      "Jacobian [[-0.00108333  0.          0.          0.        ]\n",
      " [ 0.013       0.          0.          0.        ]\n",
      " [ 0.013       0.0125      0.          0.        ]\n",
      " [ 0.013       0.0125      0.0125      0.        ]\n",
      " [ 0.013       0.0125      0.0125      0.013     ]]\n",
      "centroids_1D [0.12  0.365 0.615 0.87 ]\n",
      "centroids_1D [0.12  0.365 0.615 0.87 ]\n",
      "L2 [[0. 0. 0. 0.]\n",
      " [0. 0. 0. 0.]\n",
      " [0. 0. 0. 0.]\n",
      " [0. 0. 0. 0.]]\n",
      "delta_sig \n",
      " [-0.02338715 -0.02507516 -0.02495248 -0.00872454]\n",
      "Y_local \n",
      " [[ 0.05557002 -0.05557002]\n",
      " [-0.05557002  0.05557002]]\n",
      "Y_local \n",
      " [[ 0.05099608 -0.05099608]\n",
      " [-0.05099608  0.05099608]]\n",
      "Y_local \n",
      " [[ 0.05116871 -0.05116871]\n",
      " [-0.05116871  0.05116871]]\n",
      "Y_local \n",
      " [[ 0.06755056 -0.06755056]\n",
      " [-0.06755056  0.06755056]]\n",
      "self.Y_Vcalc \n",
      " [[ 0.05557002 -0.05557002  0.          0.          0.        ]\n",
      " [-0.05557002  0.10656611 -0.05099608  0.          0.        ]\n",
      " [ 0.         -0.05099608  0.1021648  -0.05116871  0.        ]\n",
      " [ 0.          0.         -0.05116871  0.11871928 -0.06755056]\n",
      " [ 0.          0.          0.         -0.06755056  0.06755056]]\n",
      "KVcalc \n",
      " [[ 1.          0.          0.          0.          0.        ]\n",
      " [ 0.          0.10656611 -0.05099608  0.          0.        ]\n",
      " [ 0.         -0.05099608  0.1021648  -0.05116871  0.        ]\n",
      " [ 0.          0.         -0.05116871  0.11871928 -0.06755056]\n",
      " [ 0.          0.          0.         -0.06755056  0.06755056]]\n",
      "V_calc_noh \n",
      " [0.         0.01799531 0.03760466 0.05714786 0.07195158]\n",
      "residue \n",
      " [0.         0.03000469 0.06039534 0.09085214 0.10204842]\n",
      "inv_KJacobian \n",
      " [[ 1.   0.   0.   0.   0. ]\n",
      " [ 0.  12.  12.  12.  12. ]\n",
      " [ 0.  12.  24.5 24.5 24.5]\n",
      " [ 0.  12.  24.5 37.  37. ]\n",
      " [ 0.  12.  24.5 37.  50. ]]\n",
      "Jacobian [[-0.00108333  0.          0.          0.        ]\n",
      " [ 0.013       0.          0.          0.        ]\n",
      " [ 0.013       0.0125      0.          0.        ]\n",
      " [ 0.013       0.0125      0.0125      0.        ]\n",
      " [ 0.013       0.0125      0.0125      0.013     ]]\n",
      "centroids_1D [0.12  0.365 0.615 0.87 ]\n",
      "centroids_1D [0.12  0.365 0.615 0.87 ]\n",
      "L2 [[0. 0. 0. 0.]\n",
      " [0. 0. 0. 0.]\n",
      " [0. 0. 0. 0.]\n",
      " [0. 0. 0. 0.]]\n",
      "delta_sig \n",
      " [-0.02292135 -0.02447806 -0.02436545 -0.00861252]\n",
      "Y_local \n",
      " [[ 0.05365991 -0.05365991]\n",
      " [-0.05365991  0.05365991]]\n",
      "Y_local \n",
      " [[ 0.04903784 -0.04903784]\n",
      " [-0.04903784  0.04903784]]\n",
      "Y_local \n",
      " [[ 0.04921948 -0.04921948]\n",
      " [-0.04921948  0.04921948]]\n",
      "Y_local \n",
      " [[ 0.06688806 -0.06688806]\n",
      " [-0.06688806  0.06688806]]\n",
      "self.Y_Vcalc \n",
      " [[ 0.05365991 -0.05365991  0.          0.          0.        ]\n",
      " [-0.05365991  0.10269775 -0.04903784  0.          0.        ]\n",
      " [ 0.         -0.04903784  0.09825732 -0.04921948  0.        ]\n",
      " [ 0.          0.         -0.04921948  0.11610754 -0.06688806]\n",
      " [ 0.          0.          0.         -0.06688806  0.06688806]]\n",
      "KVcalc \n",
      " [[ 1.          0.          0.          0.          0.        ]\n",
      " [ 0.          0.10269775 -0.04903784  0.          0.        ]\n",
      " [ 0.         -0.04903784  0.09825732 -0.04921948  0.        ]\n",
      " [ 0.          0.         -0.04921948  0.11610754 -0.06688806]\n",
      " [ 0.          0.          0.         -0.06688806  0.06688806]]\n",
      "V_calc_noh \n",
      " [0.         0.01863589 0.0390283  0.05934546 0.07429581]\n",
      "residue \n",
      " [0.         0.02936411 0.0589717  0.08865454 0.09970419]\n",
      "inv_KJacobian \n",
      " [[ 1.   0.   0.   0.   0. ]\n",
      " [ 0.  12.  12.  12.  12. ]\n",
      " [ 0.  12.  24.5 24.5 24.5]\n",
      " [ 0.  12.  24.5 37.  37. ]\n",
      " [ 0.  12.  24.5 37.  50. ]]\n",
      "Jacobian [[-0.00108333  0.          0.          0.        ]\n",
      " [ 0.013       0.          0.          0.        ]\n",
      " [ 0.013       0.0125      0.          0.        ]\n",
      " [ 0.013       0.0125      0.0125      0.        ]\n",
      " [ 0.013       0.0125      0.0125      0.013     ]]\n",
      "centroids_1D [0.12  0.365 0.615 0.87 ]\n",
      "centroids_1D [0.12  0.365 0.615 0.87 ]\n",
      "L2 [[0. 0. 0. 0.]\n",
      " [0. 0. 0. 0.]\n",
      " [0. 0. 0. 0.]\n",
      " [0. 0. 0. 0.]]\n",
      "delta_sig \n",
      " [-0.022432   -0.02384808 -0.02374627 -0.00849973]\n",
      "Y_local \n",
      " [[ 0.05179058 -0.05179058]\n",
      " [-0.05179058  0.05179058]]\n",
      "Y_local \n",
      " [[ 0.04712999 -0.04712999]\n",
      " [-0.04712999  0.04712999]]\n",
      "Y_local \n",
      " [[ 0.04731978 -0.04731978]\n",
      " [-0.04731978  0.04731978]]\n",
      "Y_local \n",
      " [[ 0.06623424 -0.06623424]\n",
      " [-0.06623424  0.06623424]]\n",
      "self.Y_Vcalc \n",
      " [[ 0.05179058 -0.05179058  0.          0.          0.        ]\n",
      " [-0.05179058  0.09892057 -0.04712999  0.          0.        ]\n",
      " [ 0.         -0.04712999  0.09444977 -0.04731978  0.        ]\n",
      " [ 0.          0.         -0.04731978  0.11355401 -0.06623424]\n",
      " [ 0.          0.          0.         -0.06623424  0.06623424]]\n",
      "KVcalc \n",
      " [[ 1.          0.          0.          0.          0.        ]\n",
      " [ 0.          0.09892057 -0.04712999  0.          0.        ]\n",
      " [ 0.         -0.04712999  0.09444977 -0.04731978  0.        ]\n",
      " [ 0.          0.         -0.04731978  0.11355401 -0.06623424]\n",
      " [ 0.          0.          0.         -0.06623424  0.06623424]]\n",
      "V_calc_noh \n",
      " [0.         0.01930853 0.04052644 0.06165926 0.07675719]\n",
      "residue \n",
      " [0.         0.02869147 0.05747356 0.08634074 0.09724281]\n",
      "inv_KJacobian \n",
      " [[ 1.   0.   0.   0.   0. ]\n",
      " [ 0.  12.  12.  12.  12. ]\n",
      " [ 0.  12.  24.5 24.5 24.5]\n",
      " [ 0.  12.  24.5 37.  37. ]\n",
      " [ 0.  12.  24.5 37.  50. ]]\n",
      "Jacobian [[-0.00108333  0.          0.          0.        ]\n",
      " [ 0.013       0.          0.          0.        ]\n",
      " [ 0.013       0.0125      0.          0.        ]\n",
      " [ 0.013       0.0125      0.0125      0.        ]\n",
      " [ 0.013       0.0125      0.0125      0.013     ]]\n",
      "centroids_1D [0.12  0.365 0.615 0.87 ]\n",
      "centroids_1D [0.12  0.365 0.615 0.87 ]\n",
      "L2 [[0. 0. 0. 0.]\n",
      " [0. 0. 0. 0.]\n",
      " [0. 0. 0. 0.]\n",
      " [0. 0. 0. 0.]]\n",
      "delta_sig \n",
      " [-0.02191815 -0.02318397 -0.02309375 -0.00838621]\n",
      "Y_local \n",
      " [[ 0.04996406 -0.04996406]\n",
      " [-0.04996406  0.04996406]]\n",
      "Y_local \n",
      " [[ 0.04527527 -0.04527527]\n",
      " [-0.04527527  0.04527527]]\n",
      "Y_local \n",
      " [[ 0.04547228 -0.04547228]\n",
      " [-0.04547228  0.04547228]]\n",
      "Y_local \n",
      " [[ 0.06558914 -0.06558914]\n",
      " [-0.06558914  0.06558914]]\n",
      "self.Y_Vcalc \n",
      " [[ 0.04996406 -0.04996406  0.          0.          0.        ]\n",
      " [-0.04996406  0.09523934 -0.04527527  0.          0.        ]\n",
      " [ 0.         -0.04527527  0.09074755 -0.04547228  0.        ]\n",
      " [ 0.          0.         -0.04547228  0.11106142 -0.06558914]\n",
      " [ 0.          0.          0.         -0.06558914  0.06558914]]\n",
      "KVcalc \n",
      " [[ 1.          0.          0.          0.          0.        ]\n",
      " [ 0.          0.09523934 -0.04527527  0.          0.        ]\n",
      " [ 0.         -0.04527527  0.09074755 -0.04547228  0.        ]\n",
      " [ 0.          0.         -0.04547228  0.11106142 -0.06558914]\n",
      " [ 0.          0.          0.         -0.06558914  0.06558914]]\n",
      "V_calc_noh \n",
      " [0.         0.02001438 0.0421015  0.06409292 0.07933934]\n",
      "residue \n",
      " [0.         0.02798562 0.0558985  0.08390708 0.09466066]\n",
      "inv_KJacobian \n",
      " [[ 1.   0.   0.   0.   0. ]\n",
      " [ 0.  12.  12.  12.  12. ]\n",
      " [ 0.  12.  24.5 24.5 24.5]\n",
      " [ 0.  12.  24.5 37.  37. ]\n",
      " [ 0.  12.  24.5 37.  50. ]]\n",
      "Jacobian [[-0.00108333  0.          0.          0.        ]\n",
      " [ 0.013       0.          0.          0.        ]\n",
      " [ 0.013       0.0125      0.          0.        ]\n",
      " [ 0.013       0.0125      0.0125      0.        ]\n",
      " [ 0.013       0.0125      0.0125      0.013     ]]\n",
      "centroids_1D [0.12  0.365 0.615 0.87 ]\n",
      "centroids_1D [0.12  0.365 0.615 0.87 ]\n",
      "L2 [[0. 0. 0. 0.]\n",
