{
 "cells": [
  {
   "cell_type": "code",
   "execution_count": 1,
   "id": "1c05ef00",
   "metadata": {},
   "outputs": [],
   "source": [
    "import numpy as np\n",
    "import mesh\n",
    "import forwardProblem"
   ]
  },
  {
   "cell_type": "markdown",
   "id": "b9bc7e70",
   "metadata": {},
   "source": [
    "# EXEMPLOS BIBLIOTECA EDSON"
   ]
  },
  {
   "cell_type": "markdown",
   "id": "63f1fe93",
   "metadata": {},
   "source": [
    "ToDo:\n",
    "\n",
    "- Implementar elemento 1D ( class LinearLineEdson() ) [elements.py]\n",
    "- Implementar malha 1D ( class PointElectrodes1DMeshEdson() ) [mesh.py]\n",
    "- Rodar exemplos 1D antigos e ver se bate\n",
    "- Implementar problema direto (que deve funcionar com qualquer malha, não interessa se é 1D, 2D, com ou sem eletrodo...) [forward.py]"
   ]
  },
  {
   "cell_type": "markdown",
   "id": "c3ae8919",
   "metadata": {},
   "source": [
    "## Teste Tarefa unidimensional \n",
    "(class PointElectrodes1DMeshEdson())."
   ]
  },
  {
   "cell_type": "code",
   "execution_count": 2,
   "id": "5ee4f1ac",
   "metadata": {},
   "outputs": [
    {
     "name": "stdout",
     "output_type": "stream",
     "text": [
      "NumberOfElectrodes: 11\n",
      "Reading ../../malhasMSH/unidimensional_100e_py.msh.\n",
      "\n",
      "msh_physical_groups found (type line): [1 1 1 1 1 1 1 1 1 1 1 1 1 1 1 1 1 1 1 1 1 1 1 1 1 1 1 1 1 1 1 1 1 1 1 1 1\n",
      " 1 1 1 1 1 1 1 1 1 1 1 1 1 1 1 1 1 1 1 1 1 1 1 1 1 1 1 1 1 1 1 1 1 1 1 1 1\n",
      " 1 1 1 2 2 2 2 2 2 2 2 2 2 2 2 2 2 2 2 2 2 2 2 2 2 2].\n",
      "Physical tags found (type line): [1 2].\n",
      "MSH file with 100 elements and 101 nodes.\n",
      "GndNode: 0\n",
      "first five coordinates: [[0.   0.   0.  ]\n",
      " [0.01 0.   0.  ]\n",
      " [0.02 0.   0.  ]\n",
      " [0.03 0.   0.  ]\n",
      " [0.04 0.   0.  ]]\n",
      "Altura1D: 0.02\n"
     ]
    }
   ],
   "source": [
    "nome = '../../malhasMSH/unidimensional_100e_py.msh'\n",
    "\n",
    "nohs_eletrodos = [0,  10, 20, 30, 40, 50, 60, 70, 80, 90,  100]\n",
    "\n",
    "MinhaMalha1D = mesh.PointElectrodes1DMeshEdson(nohs_eletrodos, nome_msh=nome, altura1D = 0.02)\n",
    "MinhaMalha1D.ReadMesh()"
   ]
  },
  {
   "cell_type": "code",
   "execution_count": 3,
   "id": "40b4d37f",
   "metadata": {},
   "outputs": [
    {
     "name": "stdout",
     "output_type": "stream",
     "text": [
      "CHAVES recebidas em dic: [1, 2]\n"
     ]
    }
   ],
   "source": [
    "meus_sigmas = {}\n",
    "meus_sigmas[1] = 0.25\n",
    "meus_sigmas[2] = 0.5\n",
    "MinhaMalha1D.SetSigmaPhysicaEntity(meus_sigmas) # Informando sigma (e já calculando o rho de cada elemento)"
   ]
  },
  {
   "cell_type": "code",
   "execution_count": 4,
   "id": "d2b8b61b",
   "metadata": {},
   "outputs": [],
   "source": [
    "MinhaMalha1D.CalcKGlobal()"
   ]
  },
  {
   "cell_type": "code",
   "execution_count": 5,
   "id": "0b683f6a",
   "metadata": {},
   "outputs": [
    {
     "data": {
      "text/plain": [
       "array([[ 0.5, -0.5,  0. , ...,  0. ,  0. ,  0. ],\n",
       "       [-0.5,  1. , -0.5, ...,  0. ,  0. ,  0. ],\n",
       "       [ 0. , -0.5,  1. , ...,  0. ,  0. ,  0. ],\n",
       "       ...,\n",
       "       [ 0. ,  0. ,  0. , ...,  2. , -1. ,  0. ],\n",
       "       [ 0. ,  0. ,  0. , ..., -1. ,  2. , -1. ],\n",
       "       [ 0. ,  0. ,  0. , ...,  0. , -1. ,  1. ]], shape=(101, 101))"
      ]
     },
     "execution_count": 5,
     "metadata": {},
     "output_type": "execute_result"
    }
   ],
   "source": [
    "MinhaMalha1D.KGlobal"
   ]
  },
  {
   "cell_type": "code",
   "execution_count": 6,
   "id": "a22fc59a",
   "metadata": {},
   "outputs": [
    {
     "name": "stdout",
     "output_type": "stream",
     "text": [
      "Centroid: [0.005 0.    0.   ]\n",
      " KGlobal: \n",
      " [[ 0.5 -0.5  0.  ...  0.   0.   0. ]\n",
      " [-0.5  1.  -0.5 ...  0.   0.   0. ]\n",
      " [ 0.  -0.5  1.  ...  0.   0.   0. ]\n",
      " ...\n",
      " [ 0.   0.   0.  ...  2.  -1.   0. ]\n",
      " [ 0.   0.   0.  ... -1.   2.  -1. ]\n",
      " [ 0.   0.   0.  ...  0.  -1.   1. ]]\n",
      "Vetor de corrente: \n",
      " [-0.001  0.     0.     0.     0.     0.     0.     0.     0.     0.\n",
      "  0.     0.     0.     0.     0.     0.     0.     0.     0.     0.\n",
      "  0.     0.     0.     0.     0.     0.     0.     0.     0.     0.\n",
      "  0.     0.     0.     0.     0.     0.     0.     0.     0.     0.\n",
      "  0.     0.     0.     0.     0.     0.     0.     0.     0.     0.\n",
      "  0.     0.     0.     0.     0.     0.     0.     0.     0.     0.\n",
      "  0.     0.     0.     0.     0.     0.     0.     0.     0.     0.\n",
      "  0.     0.     0.     0.     0.     0.     0.     0.     0.     0.\n",
      "  0.     0.     0.     0.     0.     0.     0.     0.     0.     0.\n",
      "  0.     0.     0.     0.     0.     0.     0.     0.     0.     0.\n",
      "  0.001]\n",
      "KGlobal_cond_contorno \n",
      " [[ 1.   0.   0.  ...  0.   0.   0. ]\n",
      " [ 0.   1.  -0.5 ...  0.   0.   0. ]\n",
      " [ 0.  -0.5  1.  ...  0.   0.   0. ]\n",
      " ...\n",
      " [ 0.   0.   0.  ...  2.  -1.   0. ]\n",
      " [ 0.   0.   0.  ... -1.   2.  -1. ]\n",
      " [ 0.   0.   0.  ...  0.  -1.   1. ]])\n",
      "Vmedido \n",
      " [0.    0.002 0.004 0.006 0.008 0.01  0.012 0.014 0.016 0.018 0.02  0.022\n",
      " 0.024 0.026 0.028 0.03  0.032 0.034 0.036 0.038 0.04  0.042 0.044 0.046\n",
      " 0.048 0.05  0.052 0.054 0.056 0.058 0.06  0.062 0.064 0.066 0.068 0.07\n",
      " 0.072 0.074 0.076 0.078 0.08  0.082 0.084 0.086 0.088 0.09  0.092 0.094\n",
      " 0.096 0.098 0.1   0.102 0.104 0.106 0.108 0.11  0.112 0.114 0.116 0.118\n",
      " 0.12  0.122 0.124 0.126 0.128 0.13  0.132 0.134 0.136 0.138 0.14  0.142\n",
      " 0.144 0.146 0.148 0.15  0.152 0.154 0.155 0.156 0.157 0.158 0.159 0.16\n",
      " 0.161 0.162 0.163 0.164 0.165 0.166 0.167 0.168 0.169 0.17  0.171 0.172\n",
      " 0.173 0.174 0.175 0.176 0.177]\n",
      "Vmedido (eletrotos) \n",
      " [0.    0.02  0.04  0.06  0.08  0.1   0.12  0.14  0.157 0.167 0.177]\n"
     ]
    }
   ],
   "source": [
    "# dados do problema 1D\n",
    "V_imposto = [[0, 0.0]]\n",
    "\n",
    "print(f\"Centroid: {MinhaMalha1D.Elements[0].Centroid}\")\n",
    "\n",
    "\n",
    "corrente = np.zeros(MinhaMalha1D.NumberOfNodes)                    # Monta vetor de corrente\n",
    "corrente[0] = -0.001                            # Nó de saída de corrente\n",
    "corrente[MinhaMalha1D.NumberOfElements] = 0.001                  # Nó de entrada de corrente    \n",
    "\n",
    "fwd = forwardProblem.forward_problem(MinhaMalha1D, corrente)   # __init__ roda aqui\n",
    "vetor_corrente_cond_contorno, KGlobal_cond_contorno = fwd.apply_boundary_conditions(V_imposto)     \n",
    "\n",
    "VMedido = fwd.solucao_Vmedido(vetor_corrente_cond_contorno, KGlobal_cond_contorno)\n",
    "print(f'Vmedido \\n {VMedido}')\n",
    "\n",
    "Vmedido_b = VMedido[nohs_eletrodos]\n",
    "print('Vmedido (eletrotos) \\n',Vmedido_b)\n"
   ]
  },
  {
   "cell_type": "markdown",
   "id": "4a57b7d8",
   "metadata": {},
   "source": [
    "## Testes com HUA"
   ]
  },
  {
   "cell_type": "code",
   "execution_count": 9,
   "id": "cb8459f1",
   "metadata": {},
   "outputs": [
    {
     "name": "stdout",
     "output_type": "stream",
     "text": [
      "Reading ../../malhasMSH/circ2_tst_Hua_v2_2_lc_especial.msh.\n",
      "\n",
      "msh_physical_groups found (type triangle): [1000 1000 1000 1000 1000 1000 1000 1000 1000 1000 1000 1000 1000 1000\n",
      " 1000 1000 1000 1000].\n",
      "Physical tags found (type triangle): [1000].\n",
      "Physical tags: lines: [5001 5002]; points: [10000]\n",
      "2 electrodes found.\n",
      "MSH file with 18 elements and 17 nodes.\n",
      "ElectrodeNodes: [17 18]\n",
      "26 Elements and 19 Nodes found on model.\n",
      "GndNode: 10\n",
      "<elements.LinearTriangle object at 0x000001DAA1581450>\n",
      "Centroid: [ 0.11114379 -0.04717695  0.        ]\n",
      "KGeo: \n",
      "[[ 0.00286201  0.00035101 -0.00321302]\n",
      " [ 0.00035101  0.03498348 -0.03533448]\n",
      " [-0.00321302 -0.03533448  0.0385475 ]]\n",
      "CHAVES recebidas em dic: [1000, 5001, 5002]\n",
      "KGlobal [-9.99953704e-06 -1.99990741e-05 -1.99990741e-05 -1.99990741e-05\n",
      " -9.99953704e-06  0.00000000e+00  0.00000000e+00  0.00000000e+00\n",
      "  0.00000000e+00  0.00000000e+00  0.00000000e+00  0.00000000e+00\n",
      "  0.00000000e+00  0.00000000e+00  0.00000000e+00  0.00000000e+00\n",
      "  0.00000000e+00  7.99962963e-05  0.00000000e+00]\n",
      "n_nodes = 19\n",
      " KGlobal: \n",
      " [[ 1.12445818e-02 -7.81637332e-03  0.00000000e+00  0.00000000e+00\n",
      "   0.00000000e+00  0.00000000e+00  0.00000000e+00  0.00000000e+00\n",
      "   0.00000000e+00  0.00000000e+00  0.00000000e+00  0.00000000e+00\n",
      "   0.00000000e+00  0.00000000e+00  3.51005756e-05  0.00000000e+00\n",
      "  -3.45330951e-03 -9.99953704e-06  0.00000000e+00]\n",
      " [-7.81637332e-03  1.57107123e-02 -7.64749679e-03  0.00000000e+00\n",
      "   0.00000000e+00  0.00000000e+00  0.00000000e+00  0.00000000e+00\n",
      "   0.00000000e+00  0.00000000e+00  0.00000000e+00  0.00000000e+00\n",
      "   0.00000000e+00  0.00000000e+00  0.00000000e+00  0.00000000e+00\n",
      "  -2.26843090e-04 -1.99990741e-05  0.00000000e+00]\n",
      " [ 0.00000000e+00 -7.64749679e-03  1.55425700e-02 -7.64749679e-03\n",
      "   0.00000000e+00  0.00000000e+00  0.00000000e+00  0.00000000e+00\n",
      "   0.00000000e+00  0.00000000e+00  0.00000000e+00  0.00000000e+00\n",
      "   0.00000000e+00  0.00000000e+00  0.00000000e+00  0.00000000e+00\n",
      "  -2.27577324e-04 -1.99990741e-05  0.00000000e+00]\n",
      " [ 0.00000000e+00  0.00000000e+00 -7.64749679e-03  1.57107123e-02\n",
      "  -7.81637331e-03  0.00000000e+00  0.00000000e+00  0.00000000e+00\n",
      "   0.00000000e+00  0.00000000e+00  0.00000000e+00  0.00000000e+00\n",
      "   0.00000000e+00  0.00000000e+00  0.00000000e+00  0.00000000e+00\n",
      "  -2.26843090e-04 -1.99990741e-05  0.00000000e+00]\n",
      " [ 0.00000000e+00  0.00000000e+00  0.00000000e+00 -7.81637331e-03\n",
      "   1.12445818e-02  0.00000000e+00  0.00000000e+00  0.00000000e+00\n",
      "   0.00000000e+00  0.00000000e+00  0.00000000e+00  3.51005821e-05\n",
      "   0.00000000e+00  0.00000000e+00  0.00000000e+00  0.00000000e+00\n",
      "  -3.45330953e-03 -9.99953704e-06  0.00000000e+00]\n",
      " [ 0.00000000e+00  0.00000000e+00  0.00000000e+00  0.00000000e+00\n",
      "   0.00000000e+00  1.12445818e-02 -7.81637332e-03  0.00000000e+00\n",
      "   0.00000000e+00  0.00000000e+00  0.00000000e+00  0.00000000e+00\n",
      "   3.51005755e-05  0.00000000e+00  0.00000000e+00 -3.45330951e-03\n",
      "   0.00000000e+00  0.00000000e+00 -9.99953704e-06]\n",
      " [ 0.00000000e+00  0.00000000e+00  0.00000000e+00  0.00000000e+00\n",
      "   0.00000000e+00 -7.81637332e-03  1.57107123e-02 -7.64749679e-03\n",
      "   0.00000000e+00  0.00000000e+00  0.00000000e+00  0.00000000e+00\n",
      "   0.00000000e+00  0.00000000e+00  0.00000000e+00 -2.26843090e-04\n",
      "   0.00000000e+00  0.00000000e+00 -1.99990741e-05]\n",
      " [ 0.00000000e+00  0.00000000e+00  0.00000000e+00  0.00000000e+00\n",
      "   0.00000000e+00  0.00000000e+00 -7.64749679e-03  1.55425700e-02\n",
      "  -7.64749679e-03  0.00000000e+00  0.00000000e+00  0.00000000e+00\n",
      "   0.00000000e+00  0.00000000e+00  0.00000000e+00 -2.27577324e-04\n",
      "   0.00000000e+00  0.00000000e+00 -1.99990741e-05]\n",
      " [ 0.00000000e+00  0.00000000e+00  0.00000000e+00  0.00000000e+00\n",
      "   0.00000000e+00  0.00000000e+00  0.00000000e+00 -7.64749679e-03\n",
      "   1.57107123e-02 -7.81637331e-03  0.00000000e+00  0.00000000e+00\n",
      "   0.00000000e+00  0.00000000e+00  0.00000000e+00 -2.26843090e-04\n",
      "   0.00000000e+00  0.00000000e+00 -1.99990741e-05]\n",
      " [ 0.00000000e+00  0.00000000e+00  0.00000000e+00  0.00000000e+00\n",
      "   0.00000000e+00  0.00000000e+00  0.00000000e+00  0.00000000e+00\n",
      "  -7.81637331e-03  1.12445818e-02  0.00000000e+00  0.00000000e+00\n",
      "   0.00000000e+00  3.51005820e-05  0.00000000e+00 -3.45330953e-03\n",
      "   0.00000000e+00  0.00000000e+00 -9.99953704e-06]\n",
      " [ 0.00000000e+00  0.00000000e+00  0.00000000e+00  0.00000000e+00\n",
      "   0.00000000e+00  0.00000000e+00  0.00000000e+00  0.00000000e+00\n",
      "   0.00000000e+00  0.00000000e+00  7.33054726e-03 -8.48951500e-04\n",
      "  -8.48951496e-04 -8.48951499e-04 -8.48951496e-04 -1.96737063e-03\n",
      "  -1.96737063e-03  0.00000000e+00  0.00000000e+00]\n",
      " [ 0.00000000e+00  0.00000000e+00  0.00000000e+00  0.00000000e+00\n",
      "   3.51005821e-05  0.00000000e+00  0.00000000e+00  0.00000000e+00\n",
      "   0.00000000e+00  0.00000000e+00 -8.48951500e-04  2.32145541e-03\n",
      "  -6.38211302e-04  0.00000000e+00  0.00000000e+00  0.00000000e+00\n",
      "  -8.69393196e-04  0.00000000e+00  0.00000000e+00]\n",
      " [ 0.00000000e+00  0.00000000e+00  0.00000000e+00  0.00000000e+00\n",
      "   0.00000000e+00  3.51005755e-05  0.00000000e+00  0.00000000e+00\n",
      "   0.00000000e+00  0.00000000e+00 -8.48951496e-04 -6.38211302e-04\n",
      "   2.32145542e-03  0.00000000e+00  0.00000000e+00 -8.69393196e-04\n",
      "   0.00000000e+00  0.00000000e+00  0.00000000e+00]\n",
      " [ 0.00000000e+00  0.00000000e+00  0.00000000e+00  0.00000000e+00\n",
      "   0.00000000e+00  0.00000000e+00  0.00000000e+00  0.00000000e+00\n",
      "   0.00000000e+00  3.51005820e-05 -8.48951499e-04  0.00000000e+00\n",
      "   0.00000000e+00  2.32145542e-03 -6.38211302e-04 -8.69393196e-04\n",
      "   0.00000000e+00  0.00000000e+00  0.00000000e+00]\n",
      " [ 3.51005756e-05  0.00000000e+00  0.00000000e+00  0.00000000e+00\n",
      "   0.00000000e+00  0.00000000e+00  0.00000000e+00  0.00000000e+00\n",
      "   0.00000000e+00  0.00000000e+00 -8.48951496e-04  0.00000000e+00\n",
      "   0.00000000e+00 -6.38211302e-04  2.32145542e-03  0.00000000e+00\n",
      "  -8.69393196e-04  0.00000000e+00  0.00000000e+00]\n",
      " [ 0.00000000e+00  0.00000000e+00  0.00000000e+00  0.00000000e+00\n",
      "   0.00000000e+00 -3.45330951e-03 -2.26843090e-04 -2.27577324e-04\n",
      "  -2.26843090e-04 -3.45330953e-03 -1.96737063e-03  0.00000000e+00\n",
      "  -8.69393196e-04 -8.69393196e-04  0.00000000e+00  1.12940396e-02\n",
      "   0.00000000e+00  0.00000000e+00  0.00000000e+00]\n",
      " [-3.45330951e-03 -2.26843090e-04 -2.27577324e-04 -2.26843090e-04\n",
      "  -3.45330953e-03  0.00000000e+00  0.00000000e+00  0.00000000e+00\n",
      "   0.00000000e+00  0.00000000e+00 -1.96737063e-03 -8.69393196e-04\n",
      "   0.00000000e+00  0.00000000e+00 -8.69393196e-04  0.00000000e+00\n",
      "   1.12940396e-02  0.00000000e+00  0.00000000e+00]\n",
      " [-9.99953704e-06 -1.99990741e-05 -1.99990741e-05 -1.99990741e-05\n",
      "  -9.99953704e-06  0.00000000e+00  0.00000000e+00  0.00000000e+00\n",
      "   0.00000000e+00  0.00000000e+00  0.00000000e+00  0.00000000e+00\n",
      "   0.00000000e+00  0.00000000e+00  0.00000000e+00  0.00000000e+00\n",
      "   0.00000000e+00  7.99962963e-05  0.00000000e+00]\n",
      " [ 0.00000000e+00  0.00000000e+00  0.00000000e+00  0.00000000e+00\n",
      "   0.00000000e+00 -9.99953704e-06 -1.99990741e-05 -1.99990741e-05\n",
      "  -1.99990741e-05 -9.99953704e-06  0.00000000e+00  0.00000000e+00\n",
      "   0.00000000e+00  0.00000000e+00  0.00000000e+00  0.00000000e+00\n",
      "   0.00000000e+00  0.00000000e+00  7.99962963e-05]]\n",
      "Vetor de corrente: \n",
      " [ 0.     0.     0.     0.     0.     0.     0.     0.     0.     0.\n",
      "  0.     0.     0.     0.     0.     0.     0.    -0.001  0.001]\n",
      "KGlobal_cond_contorno \n",
      " [[ 1.12445818e-02 -7.81637332e-03  0.00000000e+00  0.00000000e+00\n",
      "   0.00000000e+00  0.00000000e+00  0.00000000e+00  0.00000000e+00\n",
      "   0.00000000e+00  0.00000000e+00  0.00000000e+00  0.00000000e+00\n",
      "   0.00000000e+00  0.00000000e+00  3.51005756e-05  0.00000000e+00\n",
      "  -3.45330951e-03 -9.99953704e-06  0.00000000e+00]\n",
      " [-7.81637332e-03  1.57107123e-02 -7.64749679e-03  0.00000000e+00\n",
      "   0.00000000e+00  0.00000000e+00  0.00000000e+00  0.00000000e+00\n",
      "   0.00000000e+00  0.00000000e+00  0.00000000e+00  0.00000000e+00\n",
      "   0.00000000e+00  0.00000000e+00  0.00000000e+00  0.00000000e+00\n",
      "  -2.26843090e-04 -1.99990741e-05  0.00000000e+00]\n",
      " [ 0.00000000e+00 -7.64749679e-03  1.55425700e-02 -7.64749679e-03\n",
      "   0.00000000e+00  0.00000000e+00  0.00000000e+00  0.00000000e+00\n",
      "   0.00000000e+00  0.00000000e+00  0.00000000e+00  0.00000000e+00\n",
      "   0.00000000e+00  0.00000000e+00  0.00000000e+00  0.00000000e+00\n",
      "  -2.27577324e-04 -1.99990741e-05  0.00000000e+00]\n",
      " [ 0.00000000e+00  0.00000000e+00 -7.64749679e-03  1.57107123e-02\n",
      "  -7.81637331e-03  0.00000000e+00  0.00000000e+00  0.00000000e+00\n",
      "   0.00000000e+00  0.00000000e+00  0.00000000e+00  0.00000000e+00\n",
      "   0.00000000e+00  0.00000000e+00  0.00000000e+00  0.00000000e+00\n",
      "  -2.26843090e-04 -1.99990741e-05  0.00000000e+00]\n",
      " [ 0.00000000e+00  0.00000000e+00  0.00000000e+00 -7.81637331e-03\n",
      "   1.12445818e-02  0.00000000e+00  0.00000000e+00  0.00000000e+00\n",
      "   0.00000000e+00  0.00000000e+00  0.00000000e+00  0.00000000e+00\n",
      "   0.00000000e+00  0.00000000e+00  0.00000000e+00  0.00000000e+00\n",
      "  -3.45330953e-03 -9.99953704e-06  0.00000000e+00]\n",
      " [ 0.00000000e+00  0.00000000e+00  0.00000000e+00  0.00000000e+00\n",
      "   0.00000000e+00  1.12445818e-02 -7.81637332e-03  0.00000000e+00\n",
      "   0.00000000e+00  0.00000000e+00  0.00000000e+00  0.00000000e+00\n",
      "   3.51005755e-05  0.00000000e+00  0.00000000e+00 -3.45330951e-03\n",
      "   0.00000000e+00  0.00000000e+00 -9.99953704e-06]\n",
      " [ 0.00000000e+00  0.00000000e+00  0.00000000e+00  0.00000000e+00\n",
      "   0.00000000e+00 -7.81637332e-03  1.57107123e-02 -7.64749679e-03\n",
      "   0.00000000e+00  0.00000000e+00  0.00000000e+00  0.00000000e+00\n",
      "   0.00000000e+00  0.00000000e+00  0.00000000e+00 -2.26843090e-04\n",
      "   0.00000000e+00  0.00000000e+00 -1.99990741e-05]\n",
      " [ 0.00000000e+00  0.00000000e+00  0.00000000e+00  0.00000000e+00\n",
      "   0.00000000e+00  0.00000000e+00 -7.64749679e-03  1.55425700e-02\n",
      "  -7.64749679e-03  0.00000000e+00  0.00000000e+00  0.00000000e+00\n",
      "   0.00000000e+00  0.00000000e+00  0.00000000e+00 -2.27577324e-04\n",
      "   0.00000000e+00  0.00000000e+00 -1.99990741e-05]\n",
      " [ 0.00000000e+00  0.00000000e+00  0.00000000e+00  0.00000000e+00\n",
      "   0.00000000e+00  0.00000000e+00  0.00000000e+00 -7.64749679e-03\n",
      "   1.57107123e-02 -7.81637331e-03  0.00000000e+00  0.00000000e+00\n",
      "   0.00000000e+00  0.00000000e+00  0.00000000e+00 -2.26843090e-04\n",
      "   0.00000000e+00  0.00000000e+00 -1.99990741e-05]\n",
      " [ 0.00000000e+00  0.00000000e+00  0.00000000e+00  0.00000000e+00\n",
      "   0.00000000e+00  0.00000000e+00  0.00000000e+00  0.00000000e+00\n",
      "  -7.81637331e-03  1.12445818e-02  0.00000000e+00  0.00000000e+00\n",
      "   0.00000000e+00  3.51005820e-05  0.00000000e+00 -3.45330953e-03\n",
      "   0.00000000e+00  0.00000000e+00 -9.99953704e-06]\n",
      " [ 0.00000000e+00  0.00000000e+00  0.00000000e+00  0.00000000e+00\n",
      "   0.00000000e+00  0.00000000e+00  0.00000000e+00  0.00000000e+00\n",
      "   0.00000000e+00  0.00000000e+00  7.33054726e-03  0.00000000e+00\n",
      "  -8.48951496e-04 -8.48951499e-04 -8.48951496e-04 -1.96737063e-03\n",
      "  -1.96737063e-03  0.00000000e+00  0.00000000e+00]\n",
      " [ 0.00000000e+00  0.00000000e+00  0.00000000e+00  0.00000000e+00\n",
      "   0.00000000e+00  0.00000000e+00  0.00000000e+00  0.00000000e+00\n",
      "   0.00000000e+00  0.00000000e+00  0.00000000e+00  1.00000000e+00\n",
      "   0.00000000e+00  0.00000000e+00  0.00000000e+00  0.00000000e+00\n",
      "   0.00000000e+00  0.00000000e+00  0.00000000e+00]\n",
      " [ 0.00000000e+00  0.00000000e+00  0.00000000e+00  0.00000000e+00\n",
      "   0.00000000e+00  3.51005755e-05  0.00000000e+00  0.00000000e+00\n",
      "   0.00000000e+00  0.00000000e+00 -8.48951496e-04  0.00000000e+00\n",
      "   2.32145542e-03  0.00000000e+00  0.00000000e+00 -8.69393196e-04\n",
      "   0.00000000e+00  0.00000000e+00  0.00000000e+00]\n",
      " [ 0.00000000e+00  0.00000000e+00  0.00000000e+00  0.00000000e+00\n",
      "   0.00000000e+00  0.00000000e+00  0.00000000e+00  0.00000000e+00\n",
      "   0.00000000e+00  3.51005820e-05 -8.48951499e-04  0.00000000e+00\n",
      "   0.00000000e+00  2.32145542e-03 -6.38211302e-04 -8.69393196e-04\n",
      "   0.00000000e+00  0.00000000e+00  0.00000000e+00]\n",
      " [ 3.51005756e-05  0.00000000e+00  0.00000000e+00  0.00000000e+00\n",
      "   0.00000000e+00  0.00000000e+00  0.00000000e+00  0.00000000e+00\n",
      "   0.00000000e+00  0.00000000e+00 -8.48951496e-04  0.00000000e+00\n",
      "   0.00000000e+00 -6.38211302e-04  2.32145542e-03  0.00000000e+00\n",
      "  -8.69393196e-04  0.00000000e+00  0.00000000e+00]\n",
      " [ 0.00000000e+00  0.00000000e+00  0.00000000e+00  0.00000000e+00\n",
      "   0.00000000e+00 -3.45330951e-03 -2.26843090e-04 -2.27577324e-04\n",
      "  -2.26843090e-04 -3.45330953e-03 -1.96737063e-03  0.00000000e+00\n",
      "  -8.69393196e-04 -8.69393196e-04  0.00000000e+00  1.12940396e-02\n",
      "   0.00000000e+00  0.00000000e+00  0.00000000e+00]\n",
      " [-3.45330951e-03 -2.26843090e-04 -2.27577324e-04 -2.26843090e-04\n",
      "  -3.45330953e-03  0.00000000e+00  0.00000000e+00  0.00000000e+00\n",
      "   0.00000000e+00  0.00000000e+00 -1.96737063e-03  0.00000000e+00\n",
      "   0.00000000e+00  0.00000000e+00 -8.69393196e-04  0.00000000e+00\n",
      "   1.12940396e-02  0.00000000e+00  0.00000000e+00]\n",
      " [-9.99953704e-06 -1.99990741e-05 -1.99990741e-05 -1.99990741e-05\n",
      "  -9.99953704e-06  0.00000000e+00  0.00000000e+00  0.00000000e+00\n",
      "   0.00000000e+00  0.00000000e+00  0.00000000e+00  0.00000000e+00\n",
      "   0.00000000e+00  0.00000000e+00  0.00000000e+00  0.00000000e+00\n",
      "   0.00000000e+00  7.99962963e-05  0.00000000e+00]\n",
      " [ 0.00000000e+00  0.00000000e+00  0.00000000e+00  0.00000000e+00\n",
      "   0.00000000e+00 -9.99953704e-06 -1.99990741e-05 -1.99990741e-05\n",
      "  -1.99990741e-05 -9.99953704e-06  0.00000000e+00  0.00000000e+00\n",
      "   0.00000000e+00  0.00000000e+00  0.00000000e+00  0.00000000e+00\n",
      "   0.00000000e+00  0.00000000e+00  7.99962963e-05]])\n",
      "Vmedido \n",
      " [-3.61009650e-01 -4.01277025e-01 -4.14843998e-01 -4.01277025e-01\n",
      " -3.61009650e-01  5.37170934e-01  5.77438309e-01  5.91005282e-01\n",
      "  5.77438309e-01  5.37170934e-01  8.80806420e-02  0.00000000e+00\n",
      "  1.76161286e-01  1.76161284e-01 -1.62462011e-09  4.06064125e-01\n",
      " -2.29902841e-01 -1.28951806e+01  1.30713419e+01]\n",
      "Vmedido (eletrotos) \n",
      " [-12.89518065  13.07134193]\n"
     ]
    }
   ],
   "source": [
    "nome = '../../malhasMSH/circ2_tst_Hua_v2_2_lc_especial.msh'\n",
    "#nome = '../../malhasMSH/circ8_anom4_tst_Hua_v2_2_lc_especial.msh'\n",
    "\n",
    "MinhaMalha = mesh.HuaElectrodes2DMeshEdson(2, nome_msh=nome, altura2D = 0.02)\n",
    "MinhaMalha.ReadMesh() \n",
    "\n",
    "print(MinhaMalha.Elements[2])\n",
    "print(f\"Centroid: {MinhaMalha.Elements[2].Centroid}\")\n",
    "print(f\"KGeo: \\n{MinhaMalha.Elements[2].KGeo}\")\n",
    "\n",
    "meus_sigmas = {}\n",
    "meus_sigmas[1000] = 0.1\n",
    "meus_sigmas[5001] = 0.2\n",
    "meus_sigmas[5002] = 0.2\n",
    "MinhaMalha.SetSigmaPhysicaEntity(meus_sigmas) # Informando sigma (e já calculando o rho de cada elemento)\n",
    "\n",
    "MinhaMalha.CalcKGlobal() # calculando KGlobal usando Sigmas\n",
    "\n",
    "coordenadas = MinhaMalha.Coordinates\n",
    "topologia = MinhaMalha.msh_topology\n",
    "\n",
    "MinhaMalha.KGlobal\n",
    "\n",
    "KGlobal =  MinhaMalha.KGlobal\n",
    "\n",
    "print('KGlobal', KGlobal[17])\n",
    "nr_nodes = MinhaMalha.NumberOfNodes\n",
    "\n",
    "print(f'n_nodes = {nr_nodes}')\n",
    "\n",
    "Pcorrente = np.zeros(nr_nodes)                    # Monta vetor de corrente\n",
    "Pcorrente[17] = -0.001                            # Nó de saída de corrente\n",
    "Pcorrente[18] = 0.001                             # Nó de entrada de corrente\n",
    "\n",
    "V_imposto = [[11, 0.0]]  \n",
    "\n",
    "noh_medidos = [17,  18]\n",
    "\n",
    "fwd = forwardProblem.forward_problem(MinhaMalha, Pcorrente)   # __init__ roda aqui\n",
    "vetor_corrente_cond_contorno, KGlobal_cond_contorno = fwd.apply_boundary_conditions(V_imposto) \n",
    "\n",
    "#print('KGlobal_cond_contorno', KGlobal_cond_contorno)\n",
    "\n",
    "VMedido = fwd.solucao_Vmedido(vetor_corrente_cond_contorno, KGlobal_cond_contorno)\n",
    "print(f'Vmedido \\n {VMedido}')\n",
    "\n",
    "Vmedido_b = VMedido[noh_medidos]\n",
    "print('Vmedido (eletrotos) \\n',Vmedido_b)\n",
    "\n",
    "nome_arquivo = 'ParaVernoGmsh'\n",
    "\n",
    "fwd.criar_arquivo_pos_2D(coordenadas, topologia, 2, VMedido, nome_arquivo)\n",
    "\n",
    "\n",
    "fwd.abrir_Gmsh_pos(nome_arquivo, 1)"
   ]
  },
  {
   "cell_type": "code",
   "execution_count": 8,
   "id": "35bf9a32",
   "metadata": {},
   "outputs": [
    {
     "name": "stdout",
     "output_type": "stream",
     "text": [
      "CHAVES recebidas em dic: [1000]\n"
     ]
    },
    {
     "ename": "KeyError",
     "evalue": "np.int32(5001)",
     "output_type": "error",
     "traceback": [
      "\u001b[31m---------------------------------------------------------------------------\u001b[39m",
      "\u001b[31mKeyError\u001b[39m                                  Traceback (most recent call last)",
      "\u001b[36mCell\u001b[39m\u001b[36m \u001b[39m\u001b[32mIn[8]\u001b[39m\u001b[32m, line 4\u001b[39m\n\u001b[32m      2\u001b[39m meus_sigmas[\u001b[32m1000\u001b[39m] = \u001b[32m0.1\u001b[39m\n\u001b[32m      3\u001b[39m \u001b[38;5;66;03m#meus_sigmas[2] = 0.2\u001b[39;00m\n\u001b[32m----> \u001b[39m\u001b[32m4\u001b[39m \u001b[43mMinhaMalha\u001b[49m\u001b[43m.\u001b[49m\u001b[43mSetSigmaPhysicaEntity\u001b[49m\u001b[43m(\u001b[49m\u001b[43mmeus_sigmas\u001b[49m\u001b[43m)\u001b[49m \u001b[38;5;66;03m# Informando sigma (e já calculando o rho de cada elemento)\u001b[39;00m\n",
      "\u001b[36mFile \u001b[39m\u001b[32md:\\Git_EIT_2D\\EIT_2D\\exemplos\\biblioteca_Edson\\mesh.py:86\u001b[39m, in \u001b[36mMyMesh.SetSigmaPhysicaEntity\u001b[39m\u001b[34m(self, dic)\u001b[39m\n\u001b[32m     84\u001b[39m \u001b[38;5;28;01mfor\u001b[39;00m idx \u001b[38;5;129;01min\u001b[39;00m \u001b[38;5;28mrange\u001b[39m(\u001b[38;5;28mself\u001b[39m.NumberOfElements):\n\u001b[32m     85\u001b[39m     tag = \u001b[38;5;28mself\u001b[39m.Elements[idx].PhysicalEntity\n\u001b[32m---> \u001b[39m\u001b[32m86\u001b[39m     \u001b[38;5;28mself\u001b[39m.Elements[idx].SetSigma(\u001b[43mdic\u001b[49m\u001b[43m[\u001b[49m\u001b[43mtag\u001b[49m\u001b[43m]\u001b[49m)\n",
      "\u001b[31mKeyError\u001b[39m: np.int32(5001)"
     ]
    }
   ],
   "source": [
    "meus_sigmas = {}\n",
    "meus_sigmas[1000] = 0.1\n",
    "#meus_sigmas[2] = 0.2\n",
    "MinhaMalha.SetSigmaPhysicaEntity(meus_sigmas) # Informando sigma (e já calculando o rho de cada elemento)"
   ]
  },
  {
   "cell_type": "code",
   "execution_count": null,
   "id": "bcaa4490",
   "metadata": {},
   "outputs": [],
   "source": [
    "#MinhaMalha.CalcKGlobal() # calculando KGlobal usando Sigmas"
   ]
  },
  {
   "cell_type": "code",
   "execution_count": null,
   "id": "9ab96413",
   "metadata": {},
   "outputs": [],
   "source": [
    "#MinhaMalha.KGlobal"
   ]
  }
 ],
 "metadata": {
  "kernelspec": {
   "display_name": "venv_EIT2D",
   "language": "python",
   "name": "python3"
  },
  "language_info": {
   "codemirror_mode": {
    "name": "ipython",
    "version": 3
   },
   "file_extension": ".py",
   "mimetype": "text/x-python",
   "name": "python",
   "nbconvert_exporter": "python",
   "pygments_lexer": "ipython3",
   "version": "3.11.4"
  }
 },
 "nbformat": 4,
 "nbformat_minor": 5
}
