{
 "cells": [
  {
   "cell_type": "code",
   "execution_count": null,
   "id": "1c05ef00",
   "metadata": {},
   "outputs": [],
   "source": [
    "import numpy as np\n",
    "import mesh\n",
    "import forwardProblem\n",
    "import inverseProblem\n",
    "import inverseProblem_2D\n",
    "import matplotlib.pyplot as plt"
   ]
  },
  {
   "cell_type": "markdown",
   "id": "b9bc7e70",
   "metadata": {},
   "source": [
    "# EXEMPLOS BIBLIOTECA EDSON"
   ]
  },
  {
   "cell_type": "markdown",
   "id": "63f1fe93",
   "metadata": {},
   "source": [
    "ToDo:\n",
    "\n",
    "- Implementar elemento 1D ( class LinearLineEdson() ) [elements.py]\n",
    "- Implementar malha 1D ( class PointElectrodes1DMeshEdson() ) [mesh.py]\n",
    "- Rodar exemplos 1D antigos e ver se bate\n",
    "- Implementar problema direto (que deve funcionar com qualquer malha, não interessa se é 1D, 2D, com ou sem eletrodo...) [forward.py]"
   ]
  },
  {
   "cell_type": "markdown",
   "id": "c3ae8919",
   "metadata": {},
   "source": [
    "## Teste Tarefa unidimensional \n",
    "(class PointElectrodes1DMeshEdson())."
   ]
  },
  {
   "cell_type": "code",
   "execution_count": null,
   "id": "5ee4f1ac",
   "metadata": {},
   "outputs": [],
   "source": [
    "nome = '../../malhasMSH/unidimensional_100T_dif_py.msh'\n",
    "#nome = '../../malhasMSH/unidimensional_4e_py.msh'\n",
    "\n",
    "noh_eletrodos = [0,  10, 20, 30, 40, 50, 60, 70, 80, 90,  100]\n",
    "#noh_eletrodos = [0,  1, 2, 3, 4]\n",
    "\n",
    "MinhaMalha1D = mesh.PointElectrodes1DMeshEdson(noh_eletrodos, nome_msh=nome, altura2D = 0.001)\n",
    "MinhaMalha1D.ReadMesh()\n",
    "\n",
    "\n",
    "meus_sigmas = {}\n",
    "meus_sigmas[1] = 0.25\n",
    "meus_sigmas[2] = 0.5\n",
    "MinhaMalha1D.SetSigmaPhysicaEntity(meus_sigmas) # Informando sigma (e já calculando o rho de cada elemento)\n",
    "\n",
    "sigma_inicial = np.full(MinhaMalha1D.NumberOfElements, 0.50)          # Monta vetor sigma inicia\n",
    "\n",
    "amplitude_corrente = 0.001\n",
    "Pcorrente = np.zeros(MinhaMalha1D.NumberOfNodes)                    # Monta vetor de corrente\n",
    "Pcorrente[0] = -amplitude_corrente                            # Nó de saída de corrente\n",
    "Pcorrente[MinhaMalha1D.NumberOfElements] = amplitude_corrente                  # Nó de entrada de corrente    \n",
    "\n",
    "fwd = forwardProblem.forward_problem(MinhaMalha1D, Pcorrente=Pcorrente)   # __init__ roda aqui\n",
    "\n",
    "fwd.Solve()\n",
    "\n",
    "#plt.plot(fwd.Vmedido)\n",
    "print(f'Vmedido \\n {fwd.Vmedido.shape}')\n",
    "nome_arquivo = 'unidimensional_100e_py'\n",
    "\n",
    "N_padraoCC = 1\n",
    "\n",
    "##fwd.criar_arquivo_pos_2D(N_padraoCC, fwd.Vmedido, nome_arquivo)\n",
    "#fwd.criar_arquivo_pos_2D(fwd.Vmedido, nome_arquivo)\n",
    "\n",
    "#fwd.abrir_Gmsh_pos(nome_arquivo, runGmsh=True)\n",
    "\n",
    "\n",
    "V_measured = fwd.Vmedido_eletrodos\n",
    "invProblem = inverseProblem.inverse_problem(MinhaMalha1D, Pcorrente=Pcorrente, debug=1)\n",
    "invProblem.solve(sigma_inicial, V_measured)\n",
    "#print('Y_jacobian',invProblem.Y_jacobian)"
   ]
  },
  {
   "cell_type": "code",
   "execution_count": null,
   "id": "403aa429",
   "metadata": {},
   "outputs": [],
   "source": [
    "invProblem.Y_Vcalc"
   ]
  },
  {
   "cell_type": "markdown",
   "id": "4a57b7d8",
   "metadata": {},
   "source": [
    "## Testes com HUA"
   ]
  },
  {
   "cell_type": "code",
   "execution_count": null,
   "id": "cb8459f1",
   "metadata": {},
   "outputs": [],
   "source": [
    "import numpy as np\n",
    "import mesh\n",
    "import forwardProblem\n",
    "import inverseProblem\n",
    "import inverseProblem_2D\n",
    "import matplotlib.pyplot as plt\n",
    "\n",
    "#nome = '../../malhasMSH/circ2_tst_Hua_v2_2_lc_especial.msh'\n",
    "nome = '../../malhasMSH/circ8_anom4_tst_Hua_v4_1_lc_0_01.msh'\n",
    "#nome = '../../malhasMSH/Hua_quadrado_2e.msh'\n",
    "\n",
    "MinhaMalha = mesh.HuaElectrodes2DMeshEdson(8, nome_msh=nome, altura2D = 0.02)\n",
    "#MinhaMalha = mesh.HuaElectrodes2DMeshEdson(2, nome_msh=nome, altura2D = 0.02)\n",
    "MinhaMalha.ReadMesh() \n",
    "\n",
    "print(MinhaMalha.Elements[2])\n",
    "print(f\"Centroid: {MinhaMalha.Elements[2].Centroid}\")\n",
    "print(f\"KGeo: \\n{MinhaMalha.Elements[2].KGeo}\")\n",
    "\n",
    "\n",
    "meus_sigmas = {\n",
    "1000 : 1.0,    \n",
    "1001 : 1.0,\n",
    "5001 : 1.0, \n",
    "5002 : 1.0, \n",
    "5003 : 1.0, \n",
    "5004 : 1.0, \n",
    "5005 : 1.0, \n",
    "5006 : 1.0, \n",
    "5007 : 1.0, \n",
    "5008 : 1.0,  \n",
    "}\n",
    "\n",
    "MinhaMalha.SetSigmaPhysicaEntity(meus_sigmas) # Informando sigma (e já calculando o rho de cada elemento)\n",
    "\n",
    "#MinhaMalha.CalcKGlobal() # calculando KGlobal usando Sigmas\n",
    "\n",
    "#coordenadas = MinhaMalha.Coordinates\n",
    "#topologia = MinhaMalha.msh_topology\n",
    "\n",
    "#MinhaMalha.KGlobal\n",
    "\n",
    "#KGlobal =  MinhaMalha.KGlobal\n",
    "\n",
    "\n",
    "print(f'n_nodes = {MinhaMalha.NumberOfNodes}')\n",
    "\n",
    "\n",
    "fwd = forwardProblem.forward_problem(MinhaMalha, Pcorrente=None, SkipPattern=3, VirtualNode = True)   # __init__ roda aqui\n",
    "\n",
    "\n",
    "print(f'Pcorrente \\n {fwd.corrente[MinhaMalha.NumberOfNodes-MinhaMalha.NumberOfElectrodes: MinhaMalha.NumberOfNodes]}')\n",
    "\n",
    "print(f'Pcorrente \\n {fwd.corrente.shape}')\n",
    "\n",
    "mtz_Vmedido = fwd.Solve()\n",
    "print(f'Vmedido \\n {fwd.Vmedido[:,0]}')\n",
    "\n",
    "nome_arquivo = 'circ8_anom4_tst_Hua_v4_1_lc_0_01'\n",
    "fwd.criar_arquivo_pos_2D( fwd.Vmedido, nome_arquivo)\n",
    "\n",
    "fwd.abrir_Gmsh_pos(nome_arquivo, runGmsh=True)\n",
    "\n",
    "V_measured = fwd.Vmedido_eletrodos\n",
    "\n",
    "print(f'V_mesured \\n {V_measured}')\n",
    "\n",
    "\n",
    "#invProblem_2D = inverseProblem_2D.inverse_problem(MinhaMalha, Pcorrente=fwd.corrente)\n",
    "#invProblem_2D.solve(V_measured, initialEstimate=2.9,alpha =2.5,  Lambda = 0.50, max_iter=1,Tol=5.0e-4)\n",
    "#print('Y_jacobian',invProblem.Y_jacobian)\n"
   ]
  },
  {
   "cell_type": "markdown",
   "id": "2f885788",
   "metadata": {},
   "source": [
    "# TESTE COM eletrodo pontual"
   ]
  },
  {
   "cell_type": "code",
   "execution_count": null,
   "id": "381ce059",
   "metadata": {},
   "outputs": [],
   "source": [
    "import numpy as np\n",
    "import mesh\n",
    "import forwardProblem\n",
    "import inverseProblem\n",
    "import inverseProblem_2D\n",
    "import matplotlib.pyplot as plt\n",
    "\n",
    "nome = '../../malhasMSH/circ16_anomalia6.msh'\n",
    "\n",
    "MinhaMalhaPto = mesh.PointElectrodes2DMeshEdson(16, nome_msh=nome, altura2D = 0.02)\n",
    "MinhaMalhaPto.ReadMesh() \n",
    "\n",
    "print(MinhaMalhaPto.Elements[2])\n",
    "print(f\"Centroid: {MinhaMalhaPto.Elements[2].Centroid}\")\n",
    "print(f\"KGeo: \\n{MinhaMalhaPto.Elements[2].KGeo}\")\n",
    "\n",
    "meus_sigmas = {\n",
    "1000 : 0.1,    \n",
    "1001 : 0.01,\n",
    "10001 : 0.2,\n",
    "10002 : 0.2, \n",
    "10003 : 0.2, \n",
    "10004 : 0.2, \n",
    "10005 : 0.2, \n",
    "10006 : 0.2, \n",
    "10007 : 0.2, \n",
    "10008 : 0.2, \n",
    "10008 : 0.2, \n",
    "10010 : 0.2, \n",
    "10011 : 0.2, \n",
    "10012 : 0.2, \n",
    "10013 : 0.2, \n",
    "10014 : 0.2, \n",
    "10015 : 0.2, \n",
    "10016 : 0.2,  \n",
    "}\n",
    "\n",
    "MinhaMalhaPto.SetSigmaPhysicaEntity(meus_sigmas)\n",
    "\n",
    "\n",
    "MinhaMalhaPto.CalcKGlobal() # calculando KGlobal usando Sigmas\n",
    "\n",
    "\n",
    "print(f'MinhaMalhaPto.KGlobal =  {MinhaMalhaPto.KGlobal}')\n",
    "\n",
    "fwd = forwardProblem.forward_problem(MinhaMalhaPto, Pcorrente=None, SkipPattern=3)   # __init__ roda aqui\n",
    "\n",
    "#print(f'Pcorrente \\n {fwd.corrente[MinhaMalhaPto.NumberOfNodes-MinhaMalhaPto.NumberOfElectrodes: MinhaMalhaPto.NumberOfNodes]}')\n",
    "print(f'Pcorrente \\n {fwd.corrente[:16]}')\n",
    "\n",
    "print(f'Pcorrente \\n {fwd.corrente.shape}')\n",
    "\n",
    "mtz_Vmedido = fwd.Solve()\n",
    "print(f'Vmedido \\n {fwd.Vmedido[:,0]}')\n",
    "\n",
    "nome_arquivo = 'circ16_anomalia6'\n",
    "fwd.criar_arquivo_pos_2D( fwd.Vmedido, nome_arquivo)\n",
    "\n",
    "fwd.abrir_Gmsh_pos(nome_arquivo, runGmsh=True)"
   ]
  },
  {
   "cell_type": "markdown",
   "id": "f2d61dd9",
   "metadata": {},
   "source": [
    "# TESTE com eletrodo pontual mesh 4 elementos"
   ]
  },
  {
   "cell_type": "markdown",
   "id": "bf924774",
   "metadata": {},
   "source": [
    "## Regularização Filtro Gaussiano FP_Alta\n",
    "\n",
    "fonte: Erick equação C.37\n",
    "\n",
    "$$\n",
    "\\hat{\\theta}_{k+1} = \\hat{\\theta}_k + \\alpha_k\n",
    "\\left( J_k^T W_1 J_k + \\lambda^2 L_2^T L_2 \\right)^{-1}\n",
    "\\cdot \\left( J_k^T W_1 (z - h(\\hat{\\theta}_k)) - \\lambda^2 L_2^T L_2 (\\hat{\\theta}_k - \\theta^*) \\right)\n",
    "$$\n",
    "onde,\n",
    "$$W_1=L_1^T L_1$$"
   ]
  },
  {
   "cell_type": "code",
   "execution_count": null,
   "id": "6847c959",
   "metadata": {},
   "outputs": [],
   "source": [
    "# %%time\n",
    "import numpy as np\n",
    "import mesh\n",
    "import forwardProblem\n",
    "import inverseProblem\n",
    "import inverseProblem_2D\n",
    "import matplotlib.pyplot as plt\n",
    "\n",
    "# TESTE COM eletrodo pontual mesh 4 elementos\n",
    "\n",
    "###############################################################################\n",
    "#nome = '../../malhasMSH/quatro_triangulos_03nov2025.msh'\n",
    "#nome = '../../malhasMSH/circ16_base_plus.msh'\n",
    "#nome = '../../malhasMSH/quadrado_16e.msh'\n",
    "nome = '../../malhasMSH/quatro_4e_em_XY.msh'\n",
    "\n",
    "#MinhaMalhaPto2 = mesh.PointElectrodes2DMeshEdson(4, nome_msh=nome, altura2D = 1.00)\n",
    "MinhaMalhaPto2 = mesh.PointElectrodes2DMeshEdson(4, nome_msh=nome, altura2D = 0.02)\n",
    "MinhaMalhaPto2.ReadMesh() \n",
    "\n",
    "#print(MinhaMalhaPto2.Elements[2])\n",
    "#print(f\"Centroid: {MinhaMalhaPto2.Elements[2].Centroid}\")\n",
    "#print(f\"KGeo: \\n{MinhaMalhaPto2.Elements[2].KGeo}\")\n",
    "#sigma_inicial = np.full(MinhaMalhaPto2.NumberOfElements, 1.0)          # Monta vetor sigma inicial\n",
    "\n",
    "\n",
    "\n",
    "meus_sigmas = {\n",
    "1000 : 1.0,\n",
    "1001 : 1.00}#,\n",
    "#1002 : 2.00,    \n",
    "#1003 : 2.00}\n",
    "\n",
    "MinhaMalhaPto2.SetSigmaPhysicaEntity(meus_sigmas)\n",
    "\n",
    "\n",
    "MinhaMalhaPto2.CalcKGlobal() # calculando KGlobal usando Sigmas\n",
    "\n",
    "\n",
    "#print(f'MinhaMalhaPto2.KGlobal =  {MinhaMalhaPto2.KGlobal}')\n",
    "\n",
    "fwd = forwardProblem.forward_problem(MinhaMalhaPto2, Pcorrente=None, SkipPattern=1, I =1.0e-3)   # __init__ roda aqui\n",
    "\n",
    "#print(f'Pcorrente \\n {fwd.corrente[MinhaMalhaPto.NumberOfNodes-MinhaMalhaPto.NumberOfElectrodes: MinhaMalhaPto.NumberOfNodes]}')\n",
    "#print(f'Pcorrente \\n {fwd.corrente[:16]}')\n",
    "\n",
    "#print(f'Pcorrente \\n {fwd.corrente.shape}')\n",
    "\n",
    "mtz_Vmedido = fwd.Solve()\n",
    "#print(f'Vmedido \\n {fwd.Vmedido[:,0]}')\n",
    "\n",
    "nome_arquivo = 'ParaVernoGmshPto'\n",
    "fwd.criar_arquivo_pos_2D( fwd.Vmedido, nome_arquivo)\n",
    "\n",
    "fwd.abrir_Gmsh_pos(nome_arquivo, runGmsh=True)\n",
    "\n",
    "#print(f'self.Yinversa \\n {fwd.Yinversa}')\n",
    "\n",
    "V_measured = fwd.Vmedido_eletrodos\n"
   ]
  },
  {
   "cell_type": "code",
   "execution_count": null,
   "id": "3fc4987a",
   "metadata": {},
   "outputs": [],
   "source": [
    "import numpy as np\n",
    "import mesh\n",
    "import forwardProblem\n",
    "import inverseProblem\n",
    "import inverseProblem_2D\n",
    "import matplotlib.pyplot as plt\n",
    "\n",
    "\n",
    "nome = '../../malhasMSH/circ16_base_plus.msh'\n",
    "\n",
    "MinhaMalhaBase16 = mesh.PointElectrodes2DMeshEdson(16, nome_msh=nome, altura2D = 0.02)\n",
    "#MinhaMalhaPto2 = mesh.PointElectrodes2DMeshEdson(4, nome_msh=nome, altura2D = 0.02)\n",
    "MinhaMalhaBase16.ReadMesh() \n",
    "\n",
    "meus_sigmas = {1000 : 1.0}\n",
    "\n",
    "MinhaMalhaBase16.SetSigmaPhysicaEntity(meus_sigmas)\n",
    "\n",
    "\n",
    "MinhaMalhaBase16.CalcKGlobal() # calculando KGlobal usando Sigmas\n",
    "\n",
    "\n",
    "#print(f'MinhaMalhaPto2.KGlobal =  {MinhaMalhaBase16.KGlobal.shape}')\n",
    "\n",
    "fwd = forwardProblem.forward_problem(MinhaMalhaBase16, Pcorrente=None, SkipPattern=2, I =1.0e-3)   # __init__ roda aqui\n",
    "\n",
    "\n",
    "\n",
    "\n",
    "#print(MinhaMalhaBase16.Elements[2])\n",
    "#print(f\"Centroid: {MinhaMalhaBase16.Elements[2].Centroid}\")\n",
    "#print(f\"KGeo: \\n{MinhaMalhaBase16.Elements[2].KGeo}\")\n",
    "#sigma_inicial = np.full(MinhaMalhaPto2.NumberOfElements, 1.0)          # Monta vetor sigma inicial\n",
    "#Pcorrente = np.loadtxt(\"padrao128CC_257b.txt\")\n",
    "iteration= np.loadtxt(\"lastIteration.txt\")\n",
    "#iteration =0\n",
    "print(f'lastIteration {iteration}')\n",
    "\n",
    "\n",
    "sigma_inicial_cont = np.loadtxt(\"sigma_inicial_cont.txt\")\n",
    "invProblem_2D = inverseProblem_2D.inverse_problem(MinhaMalhaBase16, Pcorrente=fwd.corrente)\n",
    "\n",
    "#invProblem_2D.solve(V_measured,initialEstimate=2.9, alpha =0.010,  Lambda = 0.5, max_iter=2, Tol=1.0e-20, iteration=iteration)\n",
    "invProblem_2D.solve(V_measured,initialEstimate=sigma_inicial_cont, alpha =0.0010,  Lambda = 1.0e-3, max_iter=10002, Tol=1.0e-20, iteration=iteration)\n",
    "#print('Y_jacobian',invProblem.Y_jacobian)\n"
   ]
  },
  {
   "cell_type": "markdown",
   "id": "84050a26",
   "metadata": {},
   "source": [
    "# TESTE ANISOTRÓPICO com eletrodo pontual "
   ]
  },
  {
   "cell_type": "code",
   "execution_count": null,
   "id": "88b198ea",
   "metadata": {},
   "outputs": [],
   "source": [
    "import numpy as np\n",
    "import mesh\n",
    "import forwardProblem\n",
    "import inverseProblem\n",
    "import inverseProblem_2D\n",
    "import matplotlib.pyplot as plt\n",
    "\n",
    "# TESTE COM eletrodo pontual mesh 4 elementos\n",
    "\n",
    "###############################################################################\n",
    "#nome = '../../malhasMSH/quatro_triangulos_03nov2025.msh'\n",
    "#nome = '../../malhasMSH/dezesseis_triangulos_22jan25.msh'\n",
    "#nome = '../../malhasMSH/circ16_base_plus.msh'\n",
    "nome = '../../malhasMSH/fantomaAnisotropia01.msh'\n",
    "#nome = '../../malhasMSH/quadrado_16e.msh'\n",
    "#nome = '../../malhasMSH/dezesseis_triangulos_1body.msh'\n",
    "#nome = '../../malhasMSH/quadrado_16e_plus.msh'\n",
    "#nome = '../../malhasMSH/quatro_4e_em_XY.msh'\n",
    "\n",
    "#MinhaMalhaPto2 = mesh.PointElectrodes2DMeshEdson(4, nome_msh=nome, altura2D = 1.00)\n",
    "MinhaMalhaPto2 = mesh.PointElectrodes2DMeshAnisotropic(4, nome_msh=nome, altura2D = 0.02, thetaAngle = 0.0, sigmaX = 10.0, sigmaY = 1.00)\n",
    "#MinhaMalhaPto2 = mesh.PointElectrodes2DMeshEdson(4, nome_msh=nome, altura2D = 0.02, useEdson=True)\n",
    "\n",
    "#inearTriangleAnisotropic\n",
    "MinhaMalhaPto2.ReadMesh() \n",
    "\n",
    "#print(MinhaMalhaPto2.Elements[2])\n",
    "#print(f\"Centroid: {MinhaMalhaPto2.Elements[2].Centroid}\")\n",
    "#print(f\"KGeo: \\n{MinhaMalhaPto2.Elements[2].KGeo}\")\n",
    "#sigma_inicial = np.full(MinhaMalhaPto2.NumberOfElements, 1.0)          # Monta vetor sigma inicial\n",
    "\n",
    "\n",
    "'''\n",
    "meus_sigmas = {\n",
    "1000 : 1.000}#,\n",
    "#1001 : 10.00}#,\n",
    "#1002 : 2.00,    \n",
    "#1003 : 2.00}\n",
    "\n",
    "meus_sigmas = {\n",
    "1000 : 1.0,\n",
    "1001 : 1.0,\n",
    "10000 : 1.0e9,\n",
    "10001 : 1.0e9,\n",
    "10002 : 1.0e9,\n",
    "10003 : 1.0e9, \n",
    "10004 : 1.0e9,     \n",
    "}\n",
    "'''\n",
    "\n",
    "meus_sigmas= np.loadtxt(\"fantomaAnisotropiaSigma.txt\")\n",
    "\n",
    "\n",
    "#MinhaMalhaPto2.SetSigmaPhysicaEntity(meus_sigmas)\n",
    "MinhaMalhaPto2.SetSigmaElements(meus_sigmas)\n",
    "\n",
    "MinhaMalhaPto2.CalcKGlobal() # calculando KGlobal usando Sigmas\n",
    "\n",
    "print('meus_sigmas',meus_sigmas)\n",
    "#print(f'MinhaMalhaPto2.KGlobal =  {MinhaMalhaPto2.KGlobal}')\n",
    "\n",
    "fwd = forwardProblem.forward_problem(MinhaMalhaPto2, Pcorrente=None, SkipPattern=1, I =1.0e-3)   # __init__ roda aqui\n",
    "\n",
    "#print(f'Pcorrente \\n {fwd.corrente[MinhaMalhaPto.NumberOfNodes-MinhaMalhaPto.NumberOfElectrodes: MinhaMalhaPto.NumberOfNodes]}')\n",
    "#print(f'Pcorrente \\n {fwd.corrente[:16]}')\n",
    "\n",
    "#print(f'Pcorrente \\n {fwd.corrente.shape}')\n",
    "\n",
    "mtz_Vmedido = fwd.Solve()\n",
    "#print(f'Vmedido \\n {fwd.Vmedido[:,0]}')\n",
    "\n",
    "nome_arquivo = 'ParaVernoGmshPto'\n",
    "fwd.criar_arquivo_pos_2D( fwd.Vmedido, nome_arquivo)\n",
    "\n",
    "fwd.abrir_Gmsh_pos(nome_arquivo, runGmsh=True)\n",
    "\n",
    "#print(f'self.Yinversa \\n {fwd.Yinversa}')\n",
    "\n",
    "V_measured = fwd.Vmedido_eletrodos\n",
    "#print('V_measured ',V_measured)\n",
    "print('meus_sigmas ',meus_sigmas)"
   ]
  },
  {
   "cell_type": "code",
   "execution_count": null,
   "id": "73867b35",
   "metadata": {},
   "outputs": [],
   "source": []
  },
  {
   "cell_type": "markdown",
   "id": "3c4d1088",
   "metadata": {},
   "source": [
    "# TESTE ANISOTRÓPICO com eletrodo Hua"
   ]
  },
  {
   "cell_type": "code",
   "execution_count": 1,
   "id": "996f175f",
   "metadata": {},
   "outputs": [
    {
     "name": "stdout",
     "output_type": "stream",
     "text": [
      "Reading ../../malhasMSH/circ16_anom1_Hua.msh.\n",
      "\n",
      "msh_physical_groups found (type triangle): [1000 1000 1000 1000 1000 1000 1000 1000 1000 1000 1000 1000 1001 1000\n",
      " 1000 1000 1000 1000 1000 1000 1000 1000 1000 1000 1000 1000 1000 1000\n",
      " 1000 1000 1000 1000 1000 1000 1000 1000 1000 1000 1000 1000 1000 1000\n",
      " 1000 1000 1000 1000 1000 1000 1000 1000 1000 1000 1000 1000 1000 1000\n",
      " 1000 1001 1000 1000 1000 1000 1000 1000 1000 1000 1000 1000 1000 1000\n",
      " 1001 1000 1000 1000 1000 1000 1000 1000 1000 1000 1000 1000 1000 1000\n",
      " 1001 1000 1000 1000 1000 1000 1000 1000 1000 1000 1000 1000 1000 1000\n",
      " 1000 1000 1000 1000 1001 1000 1000 1000 1000 1000 1000 1000 1000 1000\n",
      " 1000 1000 1000 1000 1000 1000 1000 1000 1000 1000 1000 1000 1000 1000\n",
      " 1000 1000 1000 1000 1000 1000 1000 1000 1000 1000 1000 1000 1000 1000\n",
      " 1000 1000 1000 1000 1000 1000 1000 1000 1001 1000 1000 1000 1000 1000\n",
      " 1000 1000 1000 1000 1000 1000 1000 1000 1000 1000 1000 1000 1000 1000\n",
      " 1000 1000 1000 1000 1000 1000 1000 1000 1000 1000 1000 1000 1000 1000\n",
      " 1000 1000 1000 1000 1000 1000 1000 1000 1000 1000 1000 1000 1000 1000\n",
      " 1000 1000 1000 1000 1000 1000 1000 1000 1000 1000 1000 1000 1000 1000\n",
      " 1000 1000 1000 1000 1000 1000 1000 1000 1000 1000 1000 1000 1000 1000\n",
      " 1000 1000 1000 1000 1000 1000 1000 1000 1000 1000 1000 1000 1000 1000\n",
      " 1001 1000 1000 1000 1000 1000 1000 1000 1000 1000 1000 1000 1000 1001\n",
      " 1000 1000 1000 1000 1000 1000 1000 1000 1000 1001 1000 1001 1001 1000\n",
      " 1001 1000 1000 1000 1001 1000 1000 1000 1000 1000 1000 1000 1000 1000\n",
      " 1001 1000 1001 1000 1000 1000 1000 1000 1000 1000 1000 1000 1000 1000\n",
      " 1000 1000 1000 1000 1000 1000 1000 1000 1000 1000 1000 1000 1000 1000\n",
      " 1000 1000 1000 1000 1000 1000 1000 1000 1000 1000 1000 1000 1000 1000\n",
      " 1000 1000 1000 1000 1000 1001 1000 1000 1000 1000 1000 1000 1000 1000\n",
      " 1000 1000 1000 1001 1000 1000 1000 1000 1000 1000 1000 1000 1000 1000\n",
      " 1000 1000 1001 1000 1000 1000 1000 1000 1000 1000 1000 1001 1000 1000\n",
      " 1000 1000 1000 1000 1000 1000 1000 1000 1000 1000 1000 1000 1000 1000\n",
      " 1000 1000 1000 1000 1000 1000 1000 1000 1000 1000 1000 1000 1000 1000\n",
      " 1000 1000 1000 1000 1000 1000 1000 1000 1000 1000 1000 1000 1000 1000\n",
      " 1000 1000 1000 1000 1000 1000 1000 1000 1000 1000 1000 1000 1000 1000\n",
      " 1000 1000 1000 1000 1000 1000 1000 1000 1000 1000 1000 1000 1000 1000\n",
      " 1000 1000 1000 1000 1000 1000].\n",
      "Physical tags found (type triangle): [1000 1001].\n",
      "Physical tags: lines: [5001 5002 5003 5004 5005 5006 5007 5008 5009 5010 5011 5012 5013 5014\n",
      " 5015 5016]; points: [10000]\n",
      "16 electrodes found.\n",
      "MSH file with 440 elements and 269 nodes.\n",
      "ElectrodeNodes: [269 270 271 272 273 274 275 276 277 278 279 280 281 282 283 284]\n",
      "504 Elements and 285 Nodes found on model.\n",
      "GndNode: 80\n",
      "C_xx 0.4368374400178951 0.07352120095816297 -0.5103586409760581 0.012954614418020875 -0.08647581537618386 0.596834456352242\n",
      "KGeo1 [[ 0.8672915   0.14596806 -1.01325956]\n",
      " [ 0.14596806  0.02571993 -0.17168798]\n",
      " [-1.01325956 -0.17168798  1.18494754]]\n",
      "C_xx 0.06906585739723707 -0.17942505869696723 0.11035920129973018 0.46919146239418 -0.28976640369721274 0.17940720239748253\n",
      "KGeo1 [[ 0.15008681 -0.38990806  0.23982125]\n",
      " [-0.38990806  1.01959857 -0.62969051]\n",
      " [ 0.23982125 -0.62969051  0.38986926]]\n",
      "C_xx 0.4524158556034112 -0.2859445401008654 -0.16647131550254576 0.18128890180572368 0.10465563829514173 0.06181567720740404\n",
      "KGeo1 [[ 0.89822069 -0.56771066 -0.33051003]\n",
      " [-0.56771066  0.35992868  0.20778197]\n",
      " [-0.33051003  0.20778197  0.12272806]]\n",
      "C_xx 0.5172417672174874 -0.12043402767231819 -0.3968077395451691 0.028597353297714772 0.09183667437460342 0.3049710651705657\n",
      "KGeo1 [[ 0.96484457 -0.22465339 -0.74019118]\n",
      " [-0.22465339  0.0533445   0.1713089 ]\n",
      " [-0.74019118  0.1713089   0.56888228]]\n",
      "C_xx 0.012770688773560438 -0.0580860180939161 0.04531532932035565 0.26735511571636145 -0.2092690976224453 0.16395376830208963\n",
      "KGeo1 [[ 0.06359681 -0.28926282  0.22566601]\n",
      " [-0.28926282  1.33140294 -1.04214012]\n",
      " [ 0.22566601 -1.04214012  0.81647411]]\n",
      "C_xx 0.07822636027688423 0.022265444217434212 -0.10049180449431845 0.006696113614445222 -0.028961557831879436 0.1294533623261979\n",
      "KGeo1 [[ 0.46697029  0.13291301 -0.5998833 ]\n",
      " [ 0.13291301  0.03997228 -0.17288529]\n",
      " [-0.5998833  -0.17288529  0.77276859]]\n",
      "C_xx 0.0005142654636251342 0.011944531091273813 -0.012458796554898946 0.337424193842283 -0.34936872493355686 0.3618275214884558\n",
      "KGeo1 [[ 0.00292774  0.06800093 -0.07092868]\n",
      " [ 0.06800093  1.9209762  -1.98897713]\n",
      " [-0.07092868 -1.98897713  2.05990581]]\n",
      "C_xx 0.05238682349925726 0.11326834405864557 -0.1656551675579028 0.24549685950979733 -0.3587652035684428 0.5244203711263457\n",
      "KGeo1 [[ 0.29714021  0.64246268 -0.93960288]\n",
      " [ 0.64246268  1.39246823 -2.03493091]\n",
      " [-0.93960288 -2.03493091  2.97453379]]\n",
      "C_xx 0.010441922596730319 -0.0460698762417515 0.035627953645021186 0.20831976761427748 -0.16224989137252596 0.1266219377275048\n",
      "KGeo1 [[ 0.04543171 -0.20044521  0.1550135 ]\n",
      " [-0.20044521  0.90637751 -0.7059323 ]\n",
      " [ 0.1550135  -0.7059323   0.5509188 ]]\n",
      "C_xx 0.014735000986782643 0.03666508758285573 -0.051400088569638375 0.09322372565322959 -0.12988881323608528 0.18128890180572368\n",
      "KGeo1 [[ 0.08604897  0.21411555 -0.30016452]\n",
      " [ 0.21411555  0.5444048  -0.75852035]\n",
      " [-0.30016452 -0.75852035  1.05868487]]\n",
      "C_xx 0.10061300119106037 -0.06492258982151555 -0.0356904113695448 0.04218679286999162 0.022735796951523935 0.012954614418020875\n",
      "KGeo1 [[ 0.58482913 -0.37737292 -0.20745621]\n",
      " [-0.37737292  0.24521747  0.13215545]\n",
      " [-0.20745621  0.13215545  0.07530076]]\n",
      "C_xx 0.2322484575907989 0.09781827586309721 -0.33006673345389614 0.04130645307718666 -0.13912472894028388 0.46919146239418\n",
      "KGeo1 [[ 1.47048892  0.6193397  -2.08982862]\n",
      " [ 0.6193397   0.2615332  -0.8808729 ]\n",
      " [-2.08982862 -0.8808729   2.97070152]]\n",
      "C_xx 0.5640935989285566 -0.6696386542598116 0.10554505533125493 0.7956438523277036 -0.1260051980678921 0.020460142736637175\n",
      "KGeo1 [[ 0.89004666 -1.05657934  0.16653269]\n",
      " [-1.05657934  1.25539476 -0.19881542]\n",
      " [ 0.16653269 -0.19881542  0.03228273]]\n",
      "C_xx 0.3180800762033378 0.07442094051706728 -0.39250101672040505 0.018247425995640505 -0.0926683665127078 0.48516938323311287\n",
      "KGeo1 [[ 0.61711807  0.14438662 -0.76150469]\n",
      " [ 0.14438662  0.03540246 -0.17978908]\n",
      " [-0.76150469 -0.17978908  0.94129377]]\n",
      "C_xx 0.047889764027236555 0.10599625268506771 -0.15388601671230426 0.23521499380389868 -0.3412112464889664 0.4950972632012707\n",
      "KGeo1 [[ 0.28032582  0.6204559  -0.90078172]\n",
      " [ 0.6204559   1.37684613 -1.99730203]\n",
      " [-0.90078172 -1.99730203  2.89808375]]\n",
      "C_xx 0.022757727872585114 0.08549648033581345 -0.10825420820839857 0.33592307456669224 -0.42141955490250566 0.5296737631109042\n",
      "KGeo1 [[ 0.03930776  0.14767184 -0.1869796 ]\n",
      " [ 0.14767184  0.58021544 -0.72788727]\n",
      " [-0.1869796  -0.72788727  0.91486687]]\n",
      "C_xx 0.33136415226516847 -0.09536670613600653 -0.23599744612916196 0.02797719923224473 0.0673895069037618 0.16860793922540016\n",
      "KGeo1 [[ 0.79023495 -0.22742987 -0.56280509]\n",
      " [-0.22742987  0.06671983  0.16071003]\n",
      " [-0.56280509  0.16071003  0.40209506]]\n",
      "C_xx 0.011305871166965673 0.054587338126519974 -0.06589320929348565 0.2815613792533347 -0.3361487173798547 0.4020419266733404\n",
      "KGeo1 [[ 0.02506117  0.12100107 -0.14606224]\n",
      " [ 0.12100107  0.6241233  -0.74512437]\n",
      " [-0.14606224 -0.74512437  0.89118662]]\n",
      "C_xx 0.004018746954455709 -0.0071450092259767155 0.0031262622715210056 0.012770688773560438 -0.0056256795475837255 0.00249941727606272\n",
      "KGeo1 [[ 0.24411709 -0.43402057  0.18990348]\n",
      " [-0.43402057  0.7757501  -0.34172953]\n",
      " [ 0.18990348 -0.34172953  0.15182605]]\n",
      "C_xx 0.4524158554941962 -0.28594453989675117 -0.16647131559744507 0.18128890159220823 0.10465563830454297 0.0618156772929021\n",
      "KGeo1 [[ 0.89822069 -0.56771065 -0.33051003]\n",
      " [-0.56771065  0.35992868  0.20778197]\n",
      " [-0.33051003  0.20778197  0.12272806]]\n",
      "C_xx 0.06912150748165162 0.1525280071449753 -0.22164951462662694 0.3402484614313494 -0.49277646857632473 0.7144259832029516\n",
      "KGeo1 [[ 0.13723296  0.30282717 -0.44006013]\n",
      " [ 0.30282717  0.67552497 -0.97835214]\n",
      " [-0.44006013 -0.97835214  1.41841227]]\n",
      "C_xx 0.24975307837315955 0.1874723966209498 -0.4372254749941094 0.14173836548501687 -0.32921076210596667 0.766436237100076\n",
      "KGeo1 [[ 0.49585659  0.37220531 -0.8680619 ]\n",
      " [ 0.37220531  0.28140555 -0.65361086]\n",
      " [-0.8680619  -0.65361086  1.52167276]]\n",
      "C_xx 0.02817294002459854 0.06437328222237097 -0.09254622224696951 0.1483275716644552 -0.21270085388682616 0.3052470761337957\n",
      "KGeo1 [[ 0.15079697  0.34456097 -0.49535794]\n",
      " [ 0.34456097  0.79393019 -1.13849117]\n",
      " [-0.49535794 -1.13849117  1.6338491 ]]\n",
      "C_xx 0.20848426266921102 0.17317950188026457 -0.38166376454947554 0.14486960197161536 -0.3180491038518799 0.6997128684013555\n",
      "KGeo1 [[ 0.45291397  0.37621744 -0.8291314 ]\n",
      " [ 0.37621744  0.31471664 -0.69093407]\n",
      " [-0.8291314  -0.69093407  1.52006548]]\n",
      "C_xx 0.06825385411522657 -0.07306902776545499 0.004815173650228413 0.07822636027688423 -0.0051573325114292485 0.0003421588612008363\n",
      "KGeo1 [[ 5.26960622 -5.64136645  0.37176024]\n",
      " [-5.64136645  6.0395434  -0.39817695]\n",
      " [ 0.37176024 -0.39817695  0.02641671]]\n",
      "C_xx 0.004568956144874731 -0.0014614506618989304 -0.0031075054829758013 0.0005142654636251342 0.000947185198273796 0.0021603202847020058\n",
      "KGeo1 [[ 0.31246008 -0.09994515 -0.21251493]\n",
      " [-0.09994515  0.0351694   0.06477575]\n",
      " [-0.21251493  0.06477575  0.14773918]]\n",
      "C_xx 0.06183510603305119 -0.05691339954179901 -0.004921706491252176 0.05238682349925726 0.004526576042541753 0.0003951304487104215\n",
      "KGeo1 [[ 4.26968787 -3.92984612 -0.33984175]\n",
      " [-3.92984612  3.61728796  0.31255816]\n",
      " [-0.33984175  0.31255816  0.02728359]]\n",
      "C_xx 0.14830976476192353 -0.21247974379900222 0.0641699790370787 0.3052470761337957 -0.09276733233479346 0.028597353297714772\n",
      "KGeo1 [[ 0.42205641 -0.60466982  0.1826134 ]\n",
      " [-0.60466982  0.86866489 -0.26399507]\n",
      " [ 0.1826134  -0.26399507  0.08138167]]\n",
      "C_xx 0.4368374404088295 0.07352120124467308 -0.5103586416535026 0.012954614503584153 -0.0864758157482572 0.5968344574017597\n",
      "KGeo1 [[ 0.8672915   0.14596806 -1.01325956]\n",
      " [ 0.14596806  0.02571993 -0.17168799]\n",
      " [-1.01325956 -0.17168799  1.18494754]]\n",
      "C_xx 0.26908780811158334 -0.31794658309520496 0.0488587749836216 0.37661078074376625 -0.058664197648561324 0.009805422664939728\n",
      "KGeo1 [[ 0.53673929 -0.63419605  0.09745675]\n",
      " [-0.63419605  0.75121131 -0.11701526]\n",
      " [ 0.09745675 -0.11701526  0.01955851]]\n",
      "C_xx 0.1294533623261979 -0.21776476678207357 0.0883114044558757 0.3678918480955316 -0.150127081313458 0.06181567685758229\n",
      "KGeo1 [[ 0.28707717 -0.4829175   0.19584032]\n",
      " [-0.4829175   0.81584093 -0.33292344]\n",
      " [ 0.19584032 -0.33292344  0.13708311]]\n",
      "C_xx 0.3618275214884558 0.1463487165661159 -0.5081762380545717 0.059901020098907354 -0.2062497366650232 0.714425974719595\n",
      "KGeo1 [[ 0.71527701  0.28930876 -1.00458577]\n",
      " [ 0.28930876  0.11841505 -0.40772381]\n",
      " [-1.00458577 -0.40772381  1.41230957]]\n",
      "C_xx 0.16395376830208963 0.19018899794684238 -0.35414276624893204 0.22210446411757295 -0.41229346206441536 0.7664362283133473\n",
      "KGeo1 [[ 0.33259086  0.38581072 -0.71840158]\n",
      " [ 0.38581072  0.45055332 -0.83636404]\n",
      " [-0.71840158 -0.83636404  1.55476562]]\n",
      "C_xx 0.4950972632012707 -0.19746725265500883 -0.29763001054626176 0.07924444241211669 0.1182228102428922 0.17940720030336957\n",
      "KGeo1 [[ 1.00979148 -0.40275066 -0.60704082]\n",
      " [-0.40275066  0.16162554  0.24112512]\n",
      " [-0.60704082  0.24112512  0.3659157 ]]\n",
      "C_xx 0.5244203711263457 -0.21809937918220054 -0.3063209919441452 0.09118558749953508 0.12691379168266545 0.1794072002614797\n",
      "KGeo1 [[ 1.04417237 -0.43425725 -0.60991513]\n",
      " [-0.43425725  0.18155944  0.2526978 ]\n",
      " [-0.60991513  0.2526978   0.35721732]]\n",
      "C_xx 0.01626931647019964 0.08099659382388028 -0.09726591029407991 0.41857194598647235 -0.4995685398103527 0.5968344501044326\n",
      "KGeo1 [[ 0.03257571  0.16217777 -0.19475348]\n",
      " [ 0.16217777  0.83809778 -1.00027555]\n",
      " [-0.19475348 -1.00027555  1.19502903]]\n",
      "C_xx 0.0005175509200363506 -0.004204053727951967 0.0036865028079156167 0.31286161800939555 -0.30865756428144353 0.3049710614735279\n",
      "KGeo1 [[ 0.00136269 -0.01106914  0.00970644]\n",
      " [-0.01106914  0.82375443 -0.81268529]\n",
      " [ 0.00970644 -0.81268529  0.80297885]]\n",
      "C_xx 0.0351231940964299 0.09811760915670441 -0.1332408032531343 0.27569241187009974 -0.3738100210268041 0.5070508242799384\n",
      "KGeo1 [[ 0.14824682  0.41413158 -0.5623784 ]\n",
      " [ 0.41413158  1.16363347 -1.57776504]\n",
      " [-0.5623784  -1.57776504  2.14014344]]\n",
      "C_xx 0.2928514059723675 -0.3491685527282188 0.05631714675585135 0.41720173886226536 -0.06803318613404657 0.011716039378195214\n",
      "KGeo1 [[ 0.57495104 -0.6855177   0.11056666]\n",
      " [-0.6855177   0.8190863  -0.1335686 ]\n",
      " [ 0.11056666 -0.1335686   0.02300194]]\n",
      "C_xx 0.5570617338162006 -0.11103768575791258 -0.44602404805828805 0.022757727872585114 0.08827995788532746 0.35774409017296055\n",
      "KGeo1 [[ 0.9441837  -0.18820171 -0.75598199]\n",
      " [-0.18820171  0.03857288  0.14962883]\n",
      " [-0.75598199  0.14962883  0.60635315]]\n",
      "C_xx 0.049042211473164773 -0.05722472269345949 0.008182511220294723 0.06691836273289875 -0.009693640039439252 0.0015111288191445305\n",
      "KGeo1 [[ 0.57975798 -0.67648845  0.09673047]\n",
      " [-0.67648845  0.7910829  -0.11459445]\n",
      " [ 0.09673047 -0.11459445  0.01786398]]\n",
      "C_xx 0.26956933984880604 -0.4381191051324679 0.16854976528366178 0.7129761017521813 -0.27485699661971336 0.1063072313360516\n",
      "KGeo1 [[ 0.54114813 -0.87950408  0.33835595]\n",
      " [-0.87950408  1.43126693 -0.55176286]\n",
      " [ 0.33835595 -0.55176286  0.21340691]]\n",
      "C_xx 0.7129761017521813 -0.16223582242421802 -0.5507402793279631 0.037339966432503605 0.12489585599171442 0.4258444233362488\n",
      "KGeo1 [[ 1.29730344 -0.29519796 -1.00210548]\n",
      " [-0.29519796  0.06794234  0.22725562]\n",
      " [-1.00210548  0.22725562  0.77484987]]\n",
      "C_xx 0.2338545729028596 -0.306282157208226 0.07242758430536644 0.4020419266733404 -0.09575976946511432 0.023332185159747887\n",
      "KGeo1 [[ 0.50960535 -0.66743628  0.15783093]\n",
      " [-0.66743628  0.87611165 -0.20867538]\n",
      " [ 0.15783093 -0.20867538  0.05084445]]\n",
      "C_xx 0.051869286985522886 0.10552236161038545 -0.15739164859590832 0.21836968830027875 -0.3238920499106642 0.48128369850657254\n",
      "KGeo1 [[ 0.11846403  0.24100204 -0.35946607]\n",
      " [ 0.24100204  0.49873354 -0.73973558]\n",
      " [-0.35946607 -0.73973558  1.09920165]]\n",
      "C_xx 0.023332185159747887 0.0892890159306394 -0.1126212010903873 0.35439534811994566 -0.44368436405058503 0.5563055651409724\n",
      "KGeo1 [[ 0.04286445  0.16403627 -0.20690072]\n",
      " [ 0.16403627  0.65107328 -0.81510955]\n",
      " [-0.20690072 -0.81510955  1.02201028]]\n",
      "C_xx 0.07137335819698153 0.15143109119547046 -0.22280444939245198 0.3254773278134331 -0.4769084190089035 0.6997128684013555\n",
      "KGeo1 [[ 0.13051952  0.27692004 -0.40743956]\n",
      " [ 0.27692004  0.5951961  -0.87211614]\n",
      " [-0.40743956 -0.87211614  1.2795557 ]]\n",
      "C_xx 0.080141768989658 0.09424548517716982 -0.1743872541668278 0.11116625620895015 -0.20541174138611998 0.3797989955529478\n",
      "KGeo1 [[ 0.48909732  0.57517091 -1.06426824]\n",
      " [ 0.57517091  0.67843671 -1.25360763]\n",
      " [-1.06426824 -1.25360763  2.31787586]]\n",
      "C_xx 0.00019940922055437967 0.005959405999315925 -0.006158815219870305 0.3199406727396964 -0.3259000787390123 0.3320588939588826\n",
      "KGeo1 [[ 1.18568742e-03  3.54346340e-02 -3.66203214e-02]\n",
      " [ 3.54346340e-02  1.90236756e+00 -1.93780219e+00]\n",
      " [-3.66203214e-02 -1.93780219e+00  1.97442251e+00]]\n",
      "C_xx 0.692159628362022 -0.3998105218023148 -0.29234910655970725 0.23133334586447116 0.16847717593784362 0.12387193062186361\n",
      "KGeo1 [[ 1.32923563 -0.76780322 -0.56143241]\n",
      " [-0.76780322  0.44425666  0.32354656]\n",
      " [-0.56143241  0.32354656  0.23788585]]\n",
      "C_xx 0.056939257089298784 -0.052216945333912454 -0.004722311755386338 0.047889764027236555 0.004327181306675895 0.0003951304487104435\n",
      "KGeo1 [[ 4.04439459 -3.70896886 -0.33542573]\n",
      " [-3.70896886  3.40160923  0.30735962]\n",
      " [-0.33542573  0.30735962  0.02806611]]\n",
      "C_xx 0.047596495851460835 0.1104342824756742 -0.15803077832713505 0.261208702308095 -0.3716429847837692 0.5296737631109042\n",
      "KGeo1 [[ 0.09779199  0.22689881 -0.32469081]\n",
      " [ 0.22689881  0.53668067 -0.76357949]\n",
      " [-0.32469081 -0.76357949  1.08827029]]\n",
      "C_xx 0.0734736562247253 0.13123663344332542 -0.20471028966805072 0.23697205047672476 -0.3682086839200502 0.572918973588101\n",
      "KGeo1 [[ 0.16938723  0.30255484 -0.47194208]\n",
      " [ 0.30255484  0.54631881 -0.84887365]\n",
      " [-0.47194208 -0.84887365  1.32081573]]\n",
      "C_xx 0.34966618634463204 -0.12825443089062172 -0.22141175545401032 0.047596495851460835 0.08065793503916088 0.14075382041484943\n",
      "KGeo1 [[ 0.79451913 -0.29142251 -0.50309662]\n",
      " [-0.29142251  0.1081498   0.18327272]\n",
      " [-0.50309662  0.18327272  0.3198239 ]]\n",
      "C_xx 0.3797989955529478 -0.32088892849014605 -0.05891006706280169 0.27178428390076265 0.04910464458938342 0.009805422473418266\n",
      "KGeo1 [[ 0.7540481  -0.6370888  -0.1169593 ]\n",
      " [-0.6370888   0.53959707  0.09749174]\n",
      " [-0.1169593   0.09749174  0.01946756]]\n",
      "C_xx 0.3320588939588826 0.15476633777068982 -0.4868252317295725 0.07283440490197995 -0.22760074267266978 0.7144259744022422\n",
      "KGeo1 [[ 0.68837297  0.32083755 -1.00921052]\n",
      " [ 0.32083755  0.15098898 -0.47182654]\n",
      " [-1.00921052 -0.47182654  1.48103706]]\n",
      "C_xx 0.23697205047672476 -0.3488638014254523 0.11189175094872751 0.514862965441572 -0.16599916401611958 0.054107413067392085\n",
      "KGeo1 [[ 0.43108585 -0.63463286  0.203547  ]\n",
      " [-0.63463286  0.93660894 -0.30197608]\n",
      " [ 0.203547   -0.30197608  0.09842908]]\n",
      "C_xx 0.5498602034115874 -0.08107866892456908 -0.4687815344870183 0.012571490533925117 0.06850717839064395 0.40027435609637435\n",
      "KGeo1 [[ 0.94465458 -0.13929238 -0.8053622 ]\n",
      " [-0.13929238  0.0215977   0.11769468]\n",
      " [-0.8053622   0.11769468  0.68766752]]\n",
      "C_xx 0.017246124339695117 0.03842781942187576 -0.05567394376157087 0.08718713840876158 -0.12561495783063734 0.18128890159220823\n",
      "KGeo1 [[ 0.10506768  0.23411184 -0.33917952]\n",
      " [ 0.23411184  0.53116574 -0.76527758]\n",
      " [-0.33917952 -0.76527758  1.1044571 ]]\n",
      "C_xx 0.029421250677013296 -0.03798202243705768 0.00856077176004437 0.049042211473164773 -0.011060189036107093 0.0024994172760627207\n",
      "KGeo1 [[ 1.86386323 -2.40619598  0.54233275]\n",
      " [-2.40619598  3.1068691  -0.70067312]\n",
      " [ 0.54233275 -0.70067312  0.15834038]]\n",
      "C_xx 0.12387193062186361 -0.2580032447397162 0.13413131411785256 0.5397402408534565 -0.28173699611374037 0.1476056819958878\n",
      "KGeo1 [[ 0.22884714 -0.47664797  0.24780083]\n",
      " [-0.47664797  0.99714286 -0.52049488]\n",
      " [ 0.24780083 -0.52049488  0.27269405]]\n",
      "C_xx 0.40078792210167924 -0.4661071374693656 0.06531921536768637 0.5427883168646226 -0.0766811793952569 0.011361964027570537\n",
      "KGeo1 [[ 0.74794428 -0.869842    0.12189772]\n",
      " [-0.869842    1.01294324 -0.14310124]\n",
      " [ 0.12189772 -0.14310124  0.02120352]]\n",
      "C_xx 0.2464523486045625 -0.2982433985234905 0.051791049918928 0.36175048782061375 -0.06350708929712322 0.011716039378195214\n",
      "KGeo1 [[ 0.54414626 -0.65849659  0.11435033]\n",
      " [-0.65849659  0.79871495 -0.14021836]\n",
      " [ 0.11435033 -0.14021836  0.02586804]]\n",
      "C_xx 0.003392444059891152 -0.0060561353225207564 0.002663691262629604 0.01088014686985229 -0.004824011547331531 0.0021603202847019277\n",
      "KGeo1 [[ 0.22200139 -0.39631323  0.17431184]\n",
      " [-0.39631323  0.71199634 -0.31568311]\n",
      " [ 0.17431184 -0.31568311  0.14137127]]\n",
      "C_xx 0.04700295484634251 -0.054760587751702526 0.007757632905360014 0.06380691679875229 -0.009046329047049767 0.0012886961416897543\n",
      "KGeo1 [[ 2.3750432  -2.76703373  0.39199053]\n",
      " [-2.76703373  3.22414164 -0.45710791]\n",
      " [ 0.39199053 -0.45710791  0.06511737]]\n",
